Datetime,Open,High,Low,Close,Volume,Dividends,Stock Splits
2019-12-18 17:02:00+01:00,197.64,197.66,197.64,197.66,0,0,0
2019-12-18 17:03:00+01:00,197.7,197.7,197.7,197.7,0,0,0
2019-12-18 17:04:00+01:00,197.67,197.67,197.61,197.61,0,0,0
2019-12-18 17:05:00+01:00,197.66,197.66,197.66,197.66,0,0,0
2019-12-18 17:06:00+01:00,197.66,197.66,197.65,197.65,0,0,0
2019-12-18 17:07:00+01:00,197.53,197.54,197.53,197.54,0,0,0
2019-12-18 17:08:00+01:00,197.55,197.55,197.54,197.54,0,0,0
2019-12-18 17:09:00+01:00,197.53,197.53,197.53,197.53,0,0,0
2019-12-18 17:10:00+01:00,197.56,197.57,197.56,197.57,0,0,0
2019-12-18 17:11:00+01:00,197.65,197.66,197.65,197.66,0,0,0
2019-12-18 17:12:00+01:00,197.65,197.66,197.65,197.66,0,0,0
2019-12-18 17:13:00+01:00,197.65,197.65,197.63,197.63,0,0,0
2019-12-18 17:14:00+01:00,197.68,197.68,197.68,197.68,0,0,0
2019-12-18 17:15:00+01:00,197.69,197.7,197.69,197.7,0,0,0
2019-12-18 17:16:00+01:00,197.68,197.68,197.68,197.68,0,0,0
2019-12-18 17:17:00+01:00,197.68,197.68,197.68,197.68,0,0,0
2019-12-18 17:18:00+01:00,197.67,197.68,197.67,197.68,0,0,0
2019-12-18 17:19:00+01:00,197.69,197.69,197.69,197.69,0,0,0
2019-12-18 17:20:00+01:00,197.69,197.7,197.69,197.7,0,0,0
2019-12-18 17:21:00+01:00,197.69,197.69,197.67,197.67,0,0,0
2019-12-18 17:22:00+01:00,197.7,197.7,197.69,197.69,0,0,0
2019-12-18 17:23:00+01:00,197.68,197.68,197.68,197.68,0,0,0
2019-12-18 17:24:00+01:00,197.74,197.74,197.72,197.72,0,0,0
2019-12-18 17:25:00+01:00,197.71,197.72,197.71,197.72,0,0,0
2019-12-18 17:26:00+01:00,197.73,197.75,197.73,197.75,0,0,0
2019-12-18 17:27:00+01:00,197.73,197.73,197.71,197.71,0,0,0
2019-12-18 17:28:00+01:00,197.72,197.74,197.72,197.74,0,0,0
2019-12-19 09:00:00+01:00,198.36,198.36,198.31,198.31,0,0,0
2019-12-19 09:01:00+01:00,198.28,198.34,198.28,198.34,0,0,0
2019-12-19 09:02:00+01:00,198.27,198.28,198.27,198.28,0,0,0
2019-12-19 09:03:00+01:00,198.28,198.32,198.28,198.32,0,0,0
2019-12-19 09:04:00+01:00,198.33,198.33,198.32,198.32,0,0,0
2019-12-19 09:05:00+01:00,198.27,198.27,198.26,198.26,0,0,0
2019-12-19 09:06:00+01:00,198.26,198.26,198.26,198.26,0,0,0
2019-12-19 09:07:00+01:00,198.33,198.33,198.33,198.33,0,0,0
2019-12-19 09:08:00+01:00,198.33,198.33,198.29,198.29,0,0,0
2019-12-19 09:09:00+01:00,198.29,198.29,198.24,198.24,0,0,0
2019-12-19 09:10:00+01:00,198.27,198.29,198.27,198.29,0,0,0
2019-12-19 09:11:00+01:00,198.29,198.29,198.26,198.26,0,0,0
2019-12-19 09:12:00+01:00,198.25,198.25,198.24,198.24,0,0,0
2019-12-19 09:13:00+01:00,198.24,198.25,198.24,198.25,0,0,0
2019-12-19 09:14:00+01:00,198.23,198.34,198.23,198.34,0,0,0
2019-12-19 09:15:00+01:00,198.3,198.31,198.3,198.31,0,0,0
2019-12-19 09:16:00+01:00,198.31,198.31,198.31,198.31,0,0,0
2019-12-19 09:17:00+01:00,198.32,198.33,198.32,198.33,0,0,0
2019-12-19 09:18:00+01:00,198.34,198.34,198.34,198.34,0,0,0
2019-12-19 09:19:00+01:00,198.23,198.24,198.23,198.24,0,0,0
2019-12-19 09:20:00+01:00,198.22,198.22,198.22,198.22,0,0,0
2019-12-19 09:21:00+01:00,198.24,198.24,198.23,198.23,0,0,0
2019-12-19 09:22:00+01:00,198.19,198.19,198.18,198.18,0,0,0
2019-12-19 09:23:00+01:00,198.16,198.17,198.16,198.17,0,0,0
2019-12-19 09:24:00+01:00,198.19,198.21,198.19,198.21,0,0,0
2019-12-19 09:25:00+01:00,198.2,198.2,198.2,198.2,0,0,0
2019-12-19 09:26:00+01:00,198.21,198.25,198.21,198.25,0,0,0
2019-12-19 09:27:00+01:00,198.22,198.22,198.21,198.21,0,0,0
2019-12-19 09:28:00+01:00,198.2,198.2,198.2,198.2,0,0,0
2019-12-19 09:29:00+01:00,198.15,198.16,198.15,198.16,0,0,0
2019-12-19 09:30:00+01:00,198.16,198.16,198.16,198.16,0,0,0
2019-12-19 09:31:00+01:00,198.17,198.19,198.17,198.19,0,0,0
2019-12-19 09:32:00+01:00,198.21,198.21,198.21,198.21,0,0,0
2019-12-19 09:33:00+01:00,198.23,198.23,198.22,198.22,0,0,0
2019-12-19 09:34:00+01:00,198.23,198.23,198.18,198.18,0,0,0
2019-12-19 09:35:00+01:00,198.17,198.17,198.13,198.13,0,0,0
2019-12-19 09:36:00+01:00,198.14,198.14,198.13,198.13,0,0,0
2019-12-19 09:37:00+01:00,198.12,198.12,198.12,198.12,0,0,0
2019-12-19 09:38:00+01:00,198.11,198.11,198.09,198.09,0,0,0
2019-12-19 09:39:00+01:00,198.08,198.08,198.07,198.07,0,0,0
2019-12-19 09:40:00+01:00,198.06,198.06,198.02,198.02,0,0,0
2019-12-19 09:41:00+01:00,198.04,198.07,198.04,198.07,0,0,0
2019-12-19 09:42:00+01:00,198.04,198.12,198.04,198.12,0,0,0
2019-12-19 09:43:00+01:00,198.11,198.11,198.11,198.11,0,0,0
2019-12-19 09:44:00+01:00,198.09,198.09,198.09,198.09,0,0,0
2019-12-19 09:45:00+01:00,198.07,198.07,198.05,198.05,0,0,0
2019-12-19 09:46:00+01:00,198.02,198.02,198.0,198.0,0,0,0
2019-12-19 09:47:00+01:00,198.01,198.04,198.01,198.04,0,0,0
2019-12-19 09:48:00+01:00,198.03,198.05,198.03,198.05,0,0,0
2019-12-19 09:49:00+01:00,198.12,198.13,198.12,198.13,0,0,0
2019-12-19 09:50:00+01:00,198.14,198.14,198.13,198.13,0,0,0
2019-12-19 09:51:00+01:00,198.18,198.18,198.17,198.17,0,0,0
2019-12-19 09:52:00+01:00,198.16,198.16,198.12,198.12,0,0,0
2019-12-19 09:53:00+01:00,198.1,198.1,198.08,198.08,0,0,0
2019-12-19 09:54:00+01:00,198.08,198.08,198.07,198.07,0,0,0
2019-12-19 09:55:00+01:00,198.08,198.08,198.03,198.03,0,0,0
2019-12-19 09:56:00+01:00,198.0,198.01,198.0,198.01,0,0,0
2019-12-19 09:57:00+01:00,197.99,197.99,197.95,197.95,0,0,0
2019-12-19 09:58:00+01:00,197.96,197.96,197.95,197.95,0,0,0
2019-12-19 09:59:00+01:00,197.96,197.96,197.96,197.96,0,0,0
2019-12-19 10:00:00+01:00,197.94,197.99,197.94,197.99,0,0,0
2019-12-19 10:01:00+01:00,198.06,198.06,198.06,198.06,0,0,0
2019-12-19 10:02:00+01:00,198.06,198.06,197.99,197.99,0,0,0
2019-12-19 10:03:00+01:00,197.96,197.96,197.94,197.94,0,0,0
2019-12-19 10:04:00+01:00,197.92,197.96,197.92,197.96,0,0,0
2019-12-19 10:05:00+01:00,198.0,198.0,198.0,198.0,0,0,0
2019-12-19 10:06:00+01:00,198.01,198.05,198.01,198.05,0,0,0
2019-12-19 10:07:00+01:00,198.02,198.02,198.01,198.01,0,0,0
2019-12-19 10:08:00+01:00,198.0,198.01,198.0,198.01,0,0,0
2019-12-19 10:09:00+01:00,198.04,198.04,198.04,198.04,0,0,0
2019-12-19 10:10:00+01:00,198.05,198.08,198.05,198.08,0,0,0
2019-12-19 10:11:00+01:00,198.02,198.02,198.01,198.01,0,0,0
2019-12-19 10:12:00+01:00,197.82,197.88,197.82,197.88,0,0,0
2019-12-19 10:13:00+01:00,197.82,197.85,197.82,197.85,0,0,0
2019-12-19 10:14:00+01:00,197.84,197.84,197.82,197.82,0,0,0
2019-12-19 10:15:00+01:00,197.84,197.84,197.84,197.84,0,0,0
2019-12-19 10:16:00+01:00,197.88,197.89,197.88,197.89,0,0,0
2019-12-19 10:17:00+01:00,197.87,197.88,197.87,197.88,0,0,0
2019-12-19 10:18:00+01:00,197.9,197.9,197.89,197.89,0,0,0
2019-12-19 10:19:00+01:00,197.86,197.88,197.86,197.88,0,0,0
2019-12-19 10:20:00+01:00,197.88,197.89,197.88,197.89,0,0,0
2019-12-19 10:21:00+01:00,197.91,197.91,197.84,197.84,0,0,0
2019-12-19 10:22:00+01:00,197.78,197.78,197.76,197.76,0,0,0
2019-12-19 10:23:00+01:00,197.77,197.77,197.73,197.73,0,0,0
2019-12-19 10:24:00+01:00,197.7,197.7,197.69,197.69,0,0,0
2019-12-19 10:25:00+01:00,197.7,197.73,197.7,197.73,0,0,0
2019-12-19 10:26:00+01:00,197.73,197.73,197.72,197.72,0,0,0
2019-12-19 10:27:00+01:00,197.75,197.77,197.75,197.77,0,0,0
2019-12-19 10:28:00+01:00,197.77,197.77,197.77,197.77,0,0,0
2019-12-19 10:29:00+01:00,197.76,197.79,197.76,197.79,0,0,0
2019-12-19 10:30:00+01:00,197.65,197.65,197.61,197.61,0,0,0
2019-12-19 10:31:00+01:00,197.65,197.68,197.65,197.68,0,0,0
2019-12-19 10:32:00+01:00,197.73,197.73,197.73,197.73,0,0,0
2019-12-19 10:33:00+01:00,197.71,197.71,197.63,197.63,0,0,0
2019-12-19 10:34:00+01:00,197.57,197.58,197.57,197.58,0,0,0
2019-12-19 10:35:00+01:00,197.6,197.6,197.6,197.6,0,0,0
2019-12-19 10:36:00+01:00,197.59,197.59,197.59,197.59,0,0,0
2019-12-19 10:37:00+01:00,197.64,197.68,197.64,197.68,0,0,0
2019-12-19 10:38:00+01:00,197.66,197.66,197.66,197.66,0,0,0
2019-12-19 10:39:00+01:00,197.66,197.72,197.66,197.72,0,0,0
2019-12-19 10:40:00+01:00,197.67,197.67,197.67,197.67,0,0,0
2019-12-19 10:41:00+01:00,197.65,197.65,197.64,197.64,0,0,0
2019-12-19 10:42:00+01:00,197.64,197.69,197.64,197.69,0,0,0
2019-12-19 10:43:00+01:00,197.76,197.76,197.75,197.75,0,0,0
2019-12-19 10:44:00+01:00,197.78,197.78,197.75,197.75,0,0,0
2019-12-19 10:45:00+01:00,197.76,197.8,197.76,197.8,0,0,0
2019-12-19 10:46:00+01:00,197.77,197.79,197.77,197.79,0,0,0
2019-12-19 10:47:00+01:00,197.82,197.86,197.82,197.86,0,0,0
2019-12-19 10:48:00+01:00,197.83,197.83,197.81,197.81,0,0,0
2019-12-19 10:49:00+01:00,197.82,197.82,197.8,197.8,0,0,0
2019-12-19 10:50:00+01:00,197.81,197.81,197.81,197.81,0,0,0
2019-12-19 10:51:00+01:00,197.82,197.82,197.77,197.77,0,0,0
2019-12-19 10:52:00+01:00,197.89,197.89,197.86,197.86,0,0,0
2019-12-19 10:53:00+01:00,197.88,197.89,197.88,197.89,0,0,0
2019-12-19 10:54:00+01:00,197.91,197.91,197.88,197.88,0,0,0
2019-12-19 10:55:00+01:00,197.89,197.95,197.89,197.95,0,0,0
2019-12-19 10:56:00+01:00,197.99,197.99,197.99,197.99,0,0,0
2019-12-19 10:57:00+01:00,197.97,197.97,197.94,197.94,0,0,0
2019-12-19 10:58:00+01:00,197.96,197.97,197.96,197.97,0,0,0
2019-12-19 10:59:00+01:00,197.96,197.96,197.94,197.94,0,0,0
2019-12-19 11:00:00+01:00,197.99,198.0,197.99,198.0,0,0,0
2019-12-19 11:01:00+01:00,197.97,197.97,197.97,197.97,0,0,0
2019-12-19 11:02:00+01:00,197.97,197.97,197.87,197.87,0,0,0
2019-12-19 11:03:00+01:00,197.91,197.91,197.9,197.9,0,0,0
2019-12-19 11:04:00+01:00,197.9,197.9,197.87,197.87,0,0,0
2019-12-19 11:05:00+01:00,197.85,197.85,197.83,197.83,0,0,0
2019-12-19 11:06:00+01:00,197.82,197.82,197.82,197.82,0,0,0
2019-12-19 11:07:00+01:00,197.82,197.83,197.82,197.83,0,0,0
2019-12-19 11:08:00+01:00,197.82,197.83,197.82,197.83,0,0,0
2019-12-19 11:09:00+01:00,197.82,197.82,197.81,197.81,0,0,0
2019-12-19 11:10:00+01:00,197.82,197.82,197.8,197.8,0,0,0
2019-12-19 11:11:00+01:00,197.83,197.85,197.83,197.85,0,0,0
2019-12-19 11:12:00+01:00,197.83,197.83,197.82,197.82,0,0,0
2019-12-19 11:13:00+01:00,197.84,197.84,197.82,197.82,0,0,0
2019-12-19 11:14:00+01:00,197.83,197.83,197.79,197.79,0,0,0
2019-12-19 11:15:00+01:00,197.76,197.76,197.74,197.74,0,0,0
2019-12-19 11:16:00+01:00,197.68,197.7,197.68,197.7,0,0,0
2019-12-19 11:17:00+01:00,197.74,197.74,197.73,197.73,0,0,0
2019-12-19 11:18:00+01:00,197.74,197.74,197.72,197.73,0,0,0
2019-12-19 11:19:00+01:00,197.72,197.73,197.72,197.73,0,0,0
2019-12-19 11:20:00+01:00,197.67,197.67,197.67,197.67,0,0,0
2019-12-19 11:21:00+01:00,197.67,197.68,197.67,197.68,0,0,0
2019-12-19 11:22:00+01:00,197.66,197.71,197.66,197.71,0,0,0
2019-12-19 11:23:00+01:00,197.67,197.67,197.66,197.66,0,0,0
2019-12-19 11:24:00+01:00,197.72,197.75,197.72,197.75,0,0,0
2019-12-19 11:25:00+01:00,197.77,197.77,197.77,197.77,0,0,0
2019-12-19 11:26:00+01:00,197.75,197.76,197.75,197.76,0,0,0
2019-12-19 11:27:00+01:00,197.74,197.76,197.73,197.73,0,0,0
2019-12-19 11:28:00+01:00,197.71,197.71,197.71,197.71,0,0,0
2019-12-19 11:29:00+01:00,197.72,197.72,197.7,197.7,0,0,0
2019-12-19 11:30:00+01:00,197.7,197.75,197.7,197.75,0,0,0
2019-12-19 11:31:00+01:00,197.75,197.78,197.75,197.78,0,0,0
2019-12-19 11:32:00+01:00,197.77,197.81,197.77,197.81,0,0,0
2019-12-19 11:33:00+01:00,197.84,197.84,197.83,197.83,0,0,0
2019-12-19 11:34:00+01:00,197.88,197.88,197.86,197.86,0,0,0
2019-12-19 11:35:00+01:00,197.92,197.92,197.92,197.92,0,0,0
2019-12-19 11:36:00+01:00,197.92,197.92,197.92,197.92,0,0,0
2019-12-19 11:37:00+01:00,197.93,197.93,197.93,197.93,0,0,0
2019-12-19 11:38:00+01:00,197.93,197.96,197.93,197.96,0,0,0
2019-12-19 11:39:00+01:00,197.93,197.93,197.93,197.93,0,0,0
2019-12-19 11:40:00+01:00,197.9,197.9,197.89,197.89,0,0,0
2019-12-19 11:41:00+01:00,197.89,197.89,197.89,197.89,0,0,0
2019-12-19 11:42:00+01:00,197.91,197.91,197.86,197.86,0,0,0
2019-12-19 11:43:00+01:00,197.85,197.85,197.83,197.83,0,0,0
2019-12-19 11:44:00+01:00,197.83,197.83,197.77,197.77,0,0,0
2019-12-19 11:45:00+01:00,197.76,197.76,197.76,197.76,0,0,0
2019-12-19 11:46:00+01:00,197.72,197.72,197.71,197.72,0,0,0
2019-12-19 11:47:00+01:00,197.71,197.75,197.71,197.75,0,0,0
2019-12-19 11:48:00+01:00,197.71,197.72,197.71,197.72,0,0,0
2019-12-19 11:49:00+01:00,197.71,197.71,197.7,197.7,0,0,0
2019-12-19 11:50:00+01:00,197.71,197.71,197.71,197.71,0,0,0
2019-12-19 11:51:00+01:00,197.69,197.72,197.69,197.72,0,0,0
2019-12-19 11:52:00+01:00,197.76,197.81,197.76,197.81,0,0,0
2019-12-19 11:53:00+01:00,197.8,197.81,197.8,197.81,0,0,0
2019-12-19 11:54:00+01:00,197.8,197.8,197.8,197.8,0,0,0
2019-12-19 11:55:00+01:00,197.85,197.85,197.84,197.84,0,0,0
2019-12-19 11:56:00+01:00,197.81,197.85,197.81,197.85,0,0,0
2019-12-19 11:57:00+01:00,197.84,197.84,197.84,197.84,0,0,0
2019-12-19 11:58:00+01:00,197.81,197.88,197.81,197.87,0,0,0
2019-12-19 11:59:00+01:00,197.87,197.87,197.87,197.87,0,0,0
2019-12-19 12:00:00+01:00,197.91,197.91,197.9,197.9,0,0,0
2019-12-19 12:01:00+01:00,197.89,197.89,197.87,197.87,0,0,0
2019-12-19 12:02:00+01:00,197.83,197.83,197.76,197.76,0,0,0
2019-12-19 12:03:00+01:00,197.75,197.75,197.74,197.74,0,0,0
2019-12-19 12:04:00+01:00,197.73,197.73,197.71,197.73,0,0,0
2019-12-19 12:05:00+01:00,197.77,197.77,197.77,197.77,0,0,0
2019-12-19 12:06:00+01:00,197.74,197.74,197.74,197.74,0,0,0
2019-12-19 12:07:00+01:00,197.74,197.79,197.74,197.79,0,0,0
2019-12-19 12:08:00+01:00,197.74,197.74,197.73,197.73,0,0,0
2019-12-19 12:09:00+01:00,197.72,197.73,197.72,197.73,0,0,0
2019-12-19 12:10:00+01:00,197.71,197.71,197.71,197.71,0,0,0
2019-12-19 12:11:00+01:00,197.69,197.69,197.65,197.65,0,0,0
2019-12-19 12:12:00+01:00,197.64,197.64,197.61,197.61,0,0,0
2019-12-19 12:13:00+01:00,197.61,197.61,197.6,197.6,0,0,0
2019-12-19 12:14:00+01:00,197.6,197.61,197.6,197.61,0,0,0
2019-12-19 12:15:00+01:00,197.61,197.61,197.55,197.55,0,0,0
2019-12-19 12:16:00+01:00,197.6,197.6,197.57,197.57,0,0,0
2019-12-19 12:17:00+01:00,197.56,197.56,197.54,197.54,0,0,0
2019-12-19 12:18:00+01:00,197.57,197.57,197.54,197.54,0,0,0
2019-12-19 12:19:00+01:00,197.56,197.56,197.55,197.55,0,0,0
2019-12-19 12:20:00+01:00,197.52,197.53,197.52,197.53,0,0,0
2019-12-19 12:21:00+01:00,197.53,197.55,197.53,197.55,0,0,0
2019-12-19 12:22:00+01:00,197.53,197.53,197.47,197.47,0,0,0
2019-12-19 12:23:00+01:00,197.49,197.5,197.47,197.47,0,0,0
2019-12-19 12:24:00+01:00,197.45,197.48,197.45,197.48,0,0,0
2019-12-19 12:25:00+01:00,197.49,197.51,197.49,197.51,0,0,0
2019-12-19 12:26:00+01:00,197.51,197.54,197.5,197.54,0,0,0
2019-12-19 12:27:00+01:00,197.53,197.53,197.53,197.53,0,0,0
2019-12-19 12:28:00+01:00,197.51,197.51,197.49,197.49,0,0,0
2019-12-19 12:29:00+01:00,197.49,197.49,197.48,197.49,0,0,0
2019-12-19 12:30:00+01:00,197.46,197.52,197.46,197.52,0,0,0
2019-12-19 12:31:00+01:00,197.49,197.49,197.48,197.48,0,0,0
2019-12-19 12:32:00+01:00,197.44,197.56,197.44,197.56,0,0,0
2019-12-19 12:33:00+01:00,197.55,197.55,197.55,197.55,0,0,0
2019-12-19 12:34:00+01:00,197.55,197.55,197.51,197.51,0,0,0
2019-12-19 12:35:00+01:00,197.49,197.5,197.49,197.5,0,0,0
2019-12-19 12:36:00+01:00,197.55,197.55,197.53,197.53,0,0,0
2019-12-19 12:37:00+01:00,197.51,197.51,197.49,197.49,0,0,0
2019-12-19 12:38:00+01:00,197.51,197.57,197.51,197.57,0,0,0
2019-12-19 12:39:00+01:00,197.56,197.56,197.48,197.48,0,0,0
2019-12-19 12:40:00+01:00,197.49,197.54,197.49,197.54,0,0,0
2019-12-19 12:41:00+01:00,197.52,197.54,197.52,197.53,0,0,0
2019-12-19 12:42:00+01:00,197.57,197.67,197.57,197.66,0,0,0
2019-12-19 12:43:00+01:00,197.64,197.64,197.63,197.63,0,0,0
2019-12-19 12:44:00+01:00,197.63,197.63,197.62,197.63,0,0,0
2019-12-19 12:45:00+01:00,197.67,197.69,197.67,197.69,0,0,0
2019-12-19 12:46:00+01:00,197.65,197.65,197.65,197.65,0,0,0
2019-12-19 12:47:00+01:00,197.62,197.62,197.61,197.61,0,0,0
2019-12-19 12:48:00+01:00,197.64,197.64,197.62,197.62,0,0,0
2019-12-19 12:49:00+01:00,197.64,197.66,197.64,197.66,0,0,0
2019-12-19 12:50:00+01:00,197.65,197.72,197.65,197.72,0,0,0
2019-12-19 12:51:00+01:00,197.72,197.72,197.71,197.71,0,0,0
2019-12-19 12:52:00+01:00,197.75,197.75,197.74,197.74,0,0,0
2019-12-19 12:53:00+01:00,197.76,197.79,197.76,197.79,0,0,0
2019-12-19 12:54:00+01:00,197.81,197.87,197.81,197.87,0,0,0
2019-12-19 12:55:00+01:00,197.86,197.88,197.86,197.88,0,0,0
2019-12-19 12:56:00+01:00,197.84,197.84,197.81,197.81,0,0,0
2019-12-19 12:57:00+01:00,197.8,197.8,197.79,197.79,0,0,0
2019-12-19 12:58:00+01:00,197.83,197.83,197.74,197.74,0,0,0
2019-12-19 12:59:00+01:00,197.73,197.73,197.67,197.67,0,0,0
2019-12-19 13:00:00+01:00,197.63,197.7,197.63,197.7,0,0,0
2019-12-19 13:01:00+01:00,197.88,197.88,197.87,197.87,0,0,0
2019-12-19 13:02:00+01:00,197.86,197.86,197.79,197.79,0,0,0
2019-12-19 13:03:00+01:00,197.86,198.04,197.86,198.04,0,0,0
2019-12-19 13:04:00+01:00,198.06,198.15,198.06,198.15,0,0,0
2019-12-19 13:05:00+01:00,198.25,198.25,198.2,198.2,0,0,0
2019-12-19 13:06:00+01:00,198.15,198.24,198.15,198.24,0,0,0
2019-12-19 13:07:00+01:00,198.17,198.17,198.17,198.17,0,0,0
2019-12-19 13:08:00+01:00,198.14,198.14,198.08,198.08,0,0,0
2019-12-19 13:09:00+01:00,198.09,198.09,198.08,198.09,0,0,0
2019-12-19 13:10:00+01:00,198.2,198.21,198.19,198.19,0,0,0
2019-12-19 13:11:00+01:00,198.13,198.13,198.06,198.06,0,0,0
2019-12-19 13:12:00+01:00,197.79,197.79,197.75,197.75,0,0,0
2019-12-19 13:13:00+01:00,197.74,197.74,197.71,197.71,0,0,0
2019-12-19 13:14:00+01:00,197.66,197.66,197.63,197.63,0,0,0
2019-12-19 13:15:00+01:00,197.61,197.61,197.57,197.57,0,0,0
2019-12-19 13:16:00+01:00,197.59,197.59,197.51,197.51,0,0,0
2019-12-19 13:17:00+01:00,197.57,197.57,197.57,197.57,0,0,0
2019-12-19 13:18:00+01:00,197.54,197.54,197.41,197.41,0,0,0
2019-12-19 13:19:00+01:00,197.44,197.44,197.39,197.39,0,0,0
2019-12-19 13:20:00+01:00,197.35,197.35,197.33,197.33,0,0,0
2019-12-19 13:21:00+01:00,197.35,197.4,197.35,197.4,0,0,0
2019-12-19 13:22:00+01:00,197.42,197.44,197.42,197.44,0,0,0
2019-12-19 13:23:00+01:00,197.43,197.47,197.43,197.47,0,0,0
2019-12-19 13:24:00+01:00,197.49,197.49,197.49,197.49,0,0,0
2019-12-19 13:25:00+01:00,197.55,197.55,197.51,197.51,0,0,0
2019-12-19 13:26:00+01:00,197.5,197.5,197.48,197.48,0,0,0
2019-12-19 13:27:00+01:00,197.49,197.57,197.49,197.57,0,0,0
2019-12-19 13:28:00+01:00,197.6,197.6,197.59,197.59,0,0,0
2019-12-19 13:29:00+01:00,197.59,197.62,197.59,197.62,0,0,0
2019-12-19 13:30:00+01:00,197.61,197.62,197.61,197.62,0,0,0
2019-12-19 13:31:00+01:00,197.58,197.58,197.53,197.53,0,0,0
2019-12-19 13:32:00+01:00,197.53,197.53,197.44,197.47,0,0,0
2019-12-19 13:33:00+01:00,197.5,197.5,197.5,197.5,0,0,0
2019-12-19 13:34:00+01:00,197.49,197.49,197.46,197.46,0,0,0
2019-12-19 13:35:00+01:00,197.47,197.47,197.42,197.42,0,0,0
2019-12-19 13:36:00+01:00,197.42,197.42,197.41,197.41,0,0,0
2019-12-19 13:37:00+01:00,197.36,197.36,197.32,197.32,0,0,0
2019-12-19 13:38:00+01:00,197.3,197.3,197.29,197.29,0,0,0
2019-12-19 13:39:00+01:00,197.31,197.31,197.3,197.3,0,0,0
2019-12-19 13:40:00+01:00,197.31,197.33,197.31,197.33,0,0,0
2019-12-19 13:41:00+01:00,197.36,197.39,197.36,197.37,0,0,0
2019-12-19 13:42:00+01:00,197.39,197.39,197.37,197.37,0,0,0
2019-12-19 13:43:00+01:00,197.36,197.36,197.35,197.35,0,0,0
2019-12-19 13:44:00+01:00,197.36,197.36,197.35,197.35,0,0,0
2019-12-19 13:45:00+01:00,197.35,197.38,197.35,197.38,0,0,0
2019-12-19 13:46:00+01:00,197.42,197.42,197.35,197.35,0,0,0
2019-12-19 13:47:00+01:00,197.27,197.27,197.27,197.27,0,0,0
2019-12-19 13:48:00+01:00,197.27,197.27,197.22,197.22,0,0,0
2019-12-19 13:49:00+01:00,197.19,197.19,197.16,197.16,0,0,0
2019-12-19 13:50:00+01:00,197.19,197.2,197.19,197.2,0,0,0
2019-12-19 13:51:00+01:00,197.16,197.17,197.16,197.17,0,0,0
2019-12-19 13:52:00+01:00,197.21,197.31,197.21,197.31,0,0,0
2019-12-19 13:53:00+01:00,197.32,197.33,197.32,197.33,0,0,0
2019-12-19 13:54:00+01:00,197.32,197.32,197.3,197.3,0,0,0
2019-12-19 13:55:00+01:00,197.33,197.35,197.32,197.32,0,0,0
2019-12-19 13:56:00+01:00,197.34,197.37,197.34,197.37,0,0,0
2019-12-19 13:57:00+01:00,197.37,197.38,197.37,197.38,0,0,0
2019-12-19 13:58:00+01:00,197.37,197.38,197.37,197.38,0,0,0
2019-12-19 13:59:00+01:00,197.38,197.38,197.37,197.37,0,0,0
2019-12-19 14:00:00+01:00,197.4,197.45,197.4,197.45,0,0,0
2019-12-19 14:01:00+01:00,197.41,197.43,197.41,197.43,0,0,0
2019-12-19 14:02:00+01:00,197.29,197.35,197.29,197.35,0,0,0
2019-12-19 14:03:00+01:00,197.32,197.32,197.3,197.3,0,0,0
2019-12-19 14:04:00+01:00,197.24,197.25,197.24,197.25,0,0,0
2019-12-19 14:05:00+01:00,197.21,197.21,197.2,197.2,0,0,0
2019-12-19 14:06:00+01:00,197.22,197.23,197.22,197.23,0,0,0
2019-12-19 14:07:00+01:00,197.22,197.22,197.16,197.16,0,0,0
2019-12-19 14:08:00+01:00,197.18,197.18,197.15,197.15,0,0,0
2019-12-19 14:09:00+01:00,197.16,197.16,197.16,197.16,0,0,0
2019-12-19 14:10:00+01:00,197.17,197.21,197.17,197.21,0,0,0
2019-12-19 14:11:00+01:00,197.22,197.23,197.22,197.23,0,0,0
2019-12-19 14:12:00+01:00,197.2,197.2,197.19,197.19,0,0,0
2019-12-19 14:13:00+01:00,197.18,197.18,197.14,197.14,0,0,0
2019-12-19 14:14:00+01:00,197.06,197.1,197.06,197.1,0,0,0
2019-12-19 14:15:00+01:00,197.06,197.08,197.06,197.08,0,0,0
2019-12-19 14:16:00+01:00,197.06,197.08,197.06,197.08,0,0,0
2019-12-19 14:17:00+01:00,197.06,197.06,196.97,196.97,0,0,0
2019-12-19 14:18:00+01:00,196.81,196.81,196.77,196.77,0,0,0
2019-12-19 14:19:00+01:00,196.63,196.7,196.63,196.7,0,0,0
2019-12-19 14:20:00+01:00,196.75,196.83,196.75,196.83,0,0,0
2019-12-19 14:21:00+01:00,196.83,196.87,196.83,196.87,0,0,0
2019-12-19 14:22:00+01:00,196.8,196.8,196.74,196.74,0,0,0
2019-12-19 14:23:00+01:00,196.77,196.77,196.72,196.72,0,0,0
2019-12-19 14:24:00+01:00,196.74,196.81,196.74,196.81,0,0,0
2019-12-19 14:25:00+01:00,196.78,196.78,196.72,196.72,0,0,0
2019-12-19 14:26:00+01:00,196.58,196.58,196.52,196.52,0,0,0
2019-12-19 14:27:00+01:00,196.56,196.56,196.56,196.56,0,0,0
2019-12-19 14:28:00+01:00,196.57,196.65,196.57,196.65,0,0,0
2019-12-19 14:29:00+01:00,196.73,196.73,196.72,196.72,0,0,0
2019-12-19 14:30:00+01:00,196.63,196.75,196.63,196.75,0,0,0
2019-12-19 14:31:00+01:00,196.73,196.77,196.73,196.77,0,0,0
2019-12-19 14:32:00+01:00,196.77,196.95,196.77,196.95,0,0,0
2019-12-19 14:33:00+01:00,196.95,196.97,196.95,196.97,0,0,0
2019-12-19 14:34:00+01:00,196.98,196.98,196.97,196.97,0,0,0
2019-12-19 14:35:00+01:00,196.96,196.97,196.96,196.97,0,0,0
2019-12-19 14:36:00+01:00,196.9,196.9,196.82,196.82,0,0,0
2019-12-19 14:37:00+01:00,196.86,196.92,196.86,196.92,0,0,0
2019-12-19 14:38:00+01:00,196.94,196.98,196.94,196.98,0,0,0
2019-12-19 14:39:00+01:00,196.97,196.99,196.97,196.99,0,0,0
2019-12-19 14:40:00+01:00,197.0,197.0,196.96,196.96,0,0,0
2019-12-19 14:41:00+01:00,196.95,196.95,196.93,196.93,0,0,0
2019-12-19 14:42:00+01:00,196.97,196.99,196.97,196.99,0,0,0
2019-12-19 14:43:00+01:00,197.03,197.07,197.03,197.07,0,0,0
2019-12-19 14:44:00+01:00,197.03,197.03,197.0,197.0,0,0,0
2019-12-19 14:45:00+01:00,197.09,197.09,197.08,197.08,0,0,0
2019-12-19 14:46:00+01:00,197.01,197.01,196.98,196.98,0,0,0
2019-12-19 14:47:00+01:00,196.97,197.01,196.97,197.01,0,0,0
2019-12-19 14:48:00+01:00,197.02,197.02,196.99,196.99,0,0,0
2019-12-19 14:49:00+01:00,197.01,197.07,197.01,197.07,0,0,0
2019-12-19 14:50:00+01:00,197.07,197.07,197.02,197.02,0,0,0
2019-12-19 14:51:00+01:00,197.03,197.03,197.02,197.02,0,0,0
2019-12-19 14:52:00+01:00,197.0,197.03,197.0,197.03,0,0,0
2019-12-19 14:53:00+01:00,197.07,197.1,197.07,197.1,0,0,0
2019-12-19 14:54:00+01:00,197.07,197.13,197.07,197.13,0,0,0
2019-12-19 14:55:00+01:00,197.09,197.09,197.07,197.07,0,0,0
2019-12-19 14:56:00+01:00,197.06,197.11,197.06,197.11,0,0,0
2019-12-19 14:57:00+01:00,197.08,197.12,197.08,197.12,0,0,0
2019-12-19 14:58:00+01:00,197.13,197.19,197.13,197.19,0,0,0
2019-12-19 14:59:00+01:00,197.2,197.24,197.2,197.24,0,0,0
2019-12-19 15:00:00+01:00,197.24,197.24,197.22,197.22,0,0,0
2019-12-19 15:01:00+01:00,197.14,197.14,197.13,197.13,0,0,0
2019-12-19 15:02:00+01:00,197.04,197.04,197.01,197.01,0,0,0
2019-12-19 15:03:00+01:00,197.02,197.07,197.02,197.07,0,0,0
2019-12-19 15:04:00+01:00,197.04,197.04,197.04,197.04,0,0,0
2019-12-19 15:05:00+01:00,197.08,197.11,197.08,197.11,0,0,0
2019-12-19 15:06:00+01:00,197.13,197.13,197.09,197.09,0,0,0
2019-12-19 15:07:00+01:00,197.14,197.14,197.12,197.12,0,0,0
2019-12-19 15:08:00+01:00,197.06,197.07,197.06,197.07,0,0,0
2019-12-19 15:09:00+01:00,196.99,197.01,196.99,197.01,0,0,0
2019-12-19 15:10:00+01:00,196.97,197.0,196.97,197.0,0,0,0
2019-12-19 15:11:00+01:00,197.0,197.03,197.0,197.03,0,0,0
2019-12-19 15:12:00+01:00,197.04,197.12,197.04,197.12,0,0,0
2019-12-19 15:13:00+01:00,197.12,197.14,197.12,197.14,0,0,0
2019-12-19 15:14:00+01:00,197.13,197.15,197.13,197.15,0,0,0
2019-12-19 15:15:00+01:00,197.15,197.17,197.15,197.17,0,0,0
2019-12-19 15:16:00+01:00,197.22,197.28,197.22,197.28,0,0,0
2019-12-19 15:17:00+01:00,197.27,197.27,197.27,197.27,0,0,0
2019-12-19 15:18:00+01:00,197.24,197.24,197.24,197.24,0,0,0
2019-12-19 15:19:00+01:00,197.2,197.24,197.2,197.24,0,0,0
2019-12-19 15:20:00+01:00,197.21,197.21,197.15,197.15,0,0,0
2019-12-19 15:21:00+01:00,197.13,197.16,197.13,197.16,0,0,0
2019-12-19 15:22:00+01:00,197.2,197.2,197.17,197.17,0,0,0
2019-12-19 15:23:00+01:00,197.1,197.1,197.1,197.1,0,0,0
2019-12-19 15:24:00+01:00,197.08,197.09,197.08,197.09,0,0,0
2019-12-19 15:25:00+01:00,197.13,197.13,197.1,197.1,0,0,0
2019-12-19 15:26:00+01:00,197.13,197.15,197.13,197.15,0,0,0
2019-12-19 15:27:00+01:00,197.12,197.12,197.11,197.11,0,0,0
2019-12-19 15:28:00+01:00,197.09,197.09,197.07,197.07,0,0,0
2019-12-19 15:29:00+01:00,197.04,197.04,197.0,197.0,0,0,0
2019-12-19 15:30:00+01:00,196.92,196.92,196.91,196.91,0,0,0
2019-12-19 15:31:00+01:00,196.95,196.95,196.95,196.95,0,0,0
2019-12-19 15:32:00+01:00,196.98,196.98,196.9,196.9,0,0,0
2019-12-19 15:33:00+01:00,196.93,196.93,196.93,196.93,0,0,0
2019-12-19 15:34:00+01:00,196.94,196.94,196.94,196.94,0,0,0
2019-12-19 15:35:00+01:00,196.94,196.95,196.94,196.95,0,0,0
2019-12-19 15:36:00+01:00,196.95,196.95,196.95,196.95,0,0,0
2019-12-19 15:37:00+01:00,196.96,196.96,196.96,196.96,0,0,0
2019-12-19 15:38:00+01:00,196.95,196.96,196.95,196.96,0,0,0
2019-12-19 15:39:00+01:00,196.99,196.99,196.99,196.99,0,0,0
2019-12-19 15:40:00+01:00,196.99,196.99,196.99,196.99,0,0,0
2019-12-19 15:41:00+01:00,196.96,196.96,196.93,196.93,0,0,0
2019-12-19 15:42:00+01:00,196.92,196.92,196.92,196.92,0,0,0
2019-12-19 15:43:00+01:00,196.93,196.94,196.93,196.94,0,0,0
2019-12-19 15:44:00+01:00,196.95,196.95,196.95,196.95,0,0,0
2019-12-19 15:45:00+01:00,196.93,196.98,196.93,196.98,0,0,0
2019-12-19 15:46:00+01:00,197.05,197.05,197.05,197.05,0,0,0
2019-12-19 15:47:00+01:00,197.01,197.01,196.91,196.91,0,0,0
2019-12-19 15:48:00+01:00,196.88,196.88,196.88,196.88,0,0,0
2019-12-19 15:49:00+01:00,196.99,196.99,196.99,196.99,0,0,0
2019-12-19 15:50:00+01:00,196.92,196.97,196.92,196.97,0,0,0
2019-12-19 15:51:00+01:00,197.03,197.03,197.03,197.03,0,0,0
2019-12-19 15:52:00+01:00,197.0,197.0,196.95,196.95,0,0,0
2019-12-19 15:53:00+01:00,196.92,196.92,196.9,196.9,0,0,0
2019-12-19 15:54:00+01:00,196.91,196.91,196.91,196.91,0,0,0
2019-12-19 15:55:00+01:00,196.91,196.91,196.91,196.91,0,0,0
2019-12-19 15:56:00+01:00,196.9,196.9,196.88,196.88,0,0,0
2019-12-19 15:57:00+01:00,196.86,196.86,196.86,196.86,0,0,0
2019-12-19 15:58:00+01:00,196.82,196.82,196.79,196.79,0,0,0
2019-12-19 15:59:00+01:00,196.81,196.81,196.81,196.81,0,0,0
2019-12-19 16:00:00+01:00,196.83,196.83,196.77,196.77,0,0,0
2019-12-19 16:01:00+01:00,196.65,196.65,196.65,196.65,0,0,0
2019-12-19 16:02:00+01:00,196.68,196.68,196.65,196.65,0,0,0
2019-12-19 16:03:00+01:00,196.66,196.66,196.66,196.66,0,0,0
2019-12-19 16:04:00+01:00,196.66,196.66,196.66,196.66,0,0,0
2019-12-19 16:05:00+01:00,196.66,196.66,196.65,196.65,0,0,0
2019-12-19 16:06:00+01:00,196.65,196.65,196.65,196.65,0,0,0
2019-12-19 16:07:00+01:00,196.6,196.6,196.6,196.6,0,0,0
2019-12-19 16:08:00+01:00,196.59,196.59,196.55,196.55,0,0,0
2019-12-19 16:09:00+01:00,196.49,196.49,196.49,196.49,0,0,0
2019-12-19 16:10:00+01:00,196.56,196.56,196.53,196.53,0,0,0
2019-12-19 16:11:00+01:00,196.6,196.64,196.6,196.64,0,0,0
2019-12-19 16:12:00+01:00,196.64,196.64,196.64,196.64,0,0,0
2019-12-19 16:13:00+01:00,196.68,196.68,196.68,196.68,0,0,0
2019-12-19 16:14:00+01:00,196.66,196.69,196.66,196.69,0,0,0
2019-12-19 16:15:00+01:00,196.66,196.66,196.66,196.66,0,0,0
2019-12-19 16:16:00+01:00,196.68,196.7,196.68,196.7,0,0,0
2019-12-19 16:17:00+01:00,196.68,196.68,196.68,196.68,0,0,0
2019-12-19 16:18:00+01:00,196.69,196.69,196.69,196.69,0,0,0
2019-12-19 16:19:00+01:00,196.69,196.69,196.67,196.67,0,0,0
2019-12-19 16:20:00+01:00,196.69,196.69,196.69,196.69,0,0,0
2019-12-19 16:21:00+01:00,196.68,196.68,196.68,196.68,0,0,0
2019-12-19 16:22:00+01:00,196.61,196.61,196.51,196.51,0,0,0
2019-12-19 16:23:00+01:00,196.44,196.44,196.43,196.43,0,0,0
2019-12-19 16:24:00+01:00,196.41,196.41,196.41,196.41,0,0,0
2019-12-19 16:25:00+01:00,196.44,196.48,196.44,196.48,0,0,0
2019-12-19 16:26:00+01:00,196.47,196.47,196.47,196.47,0,0,0
2019-12-19 16:27:00+01:00,196.49,196.49,196.45,196.45,0,0,0
2019-12-19 16:28:00+01:00,196.5,196.5,196.5,196.5,0,0,0
2019-12-19 16:29:00+01:00,196.49,196.49,196.49,196.49,0,0,0
2019-12-19 16:30:00+01:00,196.47,196.47,196.42,196.42,0,0,0
2019-12-19 16:31:00+01:00,196.34,196.34,196.34,196.34,0,0,0
2019-12-19 16:32:00+01:00,196.45,196.46,196.45,196.46,0,0,0
2019-12-19 16:33:00+01:00,196.49,196.49,196.49,196.49,0,0,0
2019-12-19 16:34:00+01:00,196.53,196.53,196.43,196.43,0,0,0
2019-12-19 16:35:00+01:00,196.43,196.45,196.43,196.45,0,0,0
2019-12-19 16:36:00+01:00,196.44,196.54,196.44,196.54,0,0,0
2019-12-19 16:37:00+01:00,196.48,196.48,196.48,196.48,0,0,0
2019-12-19 16:38:00+01:00,196.49,196.49,196.45,196.45,0,0,0
2019-12-19 16:39:00+01:00,196.42,196.42,196.38,196.38,0,0,0
2019-12-19 16:40:00+01:00,196.34,196.34,196.3,196.3,0,0,0
2019-12-19 16:41:00+01:00,196.27,196.37,196.27,196.37,0,0,0
2019-12-19 16:42:00+01:00,196.36,196.4,196.36,196.4,0,0,0
2019-12-19 16:43:00+01:00,196.4,196.4,196.4,196.4,0,0,0
2019-12-19 16:44:00+01:00,196.39,196.42,196.39,196.42,0,0,0
2019-12-19 16:45:00+01:00,196.46,196.47,196.46,196.47,0,0,0
2019-12-19 16:46:00+01:00,196.46,196.51,196.46,196.51,0,0,0
2019-12-19 16:47:00+01:00,196.47,196.47,196.46,196.46,0,0,0
2019-12-19 16:48:00+01:00,196.35,196.35,196.35,196.35,0,0,0
2019-12-19 16:49:00+01:00,196.44,196.44,196.36,196.36,0,0,0
2019-12-19 16:50:00+01:00,196.36,196.37,196.36,196.37,0,0,0
2019-12-19 16:51:00+01:00,196.35,196.38,196.35,196.38,0,0,0
2019-12-19 16:52:00+01:00,196.39,196.39,196.35,196.35,0,0,0
2019-12-19 16:53:00+01:00,196.29,196.29,196.29,196.29,0,0,0
2019-12-19 16:54:00+01:00,196.39,196.43,196.39,196.43,0,0,0
2019-12-19 16:55:00+01:00,196.45,196.52,196.45,196.52,0,0,0
2019-12-19 16:56:00+01:00,196.54,196.58,196.54,196.58,0,0,0
2019-12-19 16:57:00+01:00,196.63,196.63,196.63,196.63,0,0,0
2019-12-19 16:58:00+01:00,196.58,196.58,196.55,196.55,0,0,0
2019-12-19 16:59:00+01:00,196.58,196.58,196.58,196.58,0,0,0
2019-12-19 17:00:00+01:00,196.55,196.55,196.55,196.55,0,0,0
2019-12-19 17:01:00+01:00,196.54,196.54,196.54,196.54,0,0,0
2019-12-19 17:02:00+01:00,196.49,196.49,196.35,196.35,0,0,0
2019-12-19 17:03:00+01:00,196.31,196.31,196.31,196.31,0,0,0
2019-12-19 17:04:00+01:00,196.28,196.28,196.26,196.26,0,0,0
2019-12-19 17:05:00+01:00,196.29,196.29,196.29,196.29,0,0,0
2019-12-19 17:06:00+01:00,196.21,196.26,196.21,196.26,0,0,0
2019-12-19 17:07:00+01:00,196.26,196.26,196.17,196.17,0,0,0
2019-12-19 17:08:00+01:00,196.15,196.15,196.15,196.15,0,0,0
2019-12-19 17:09:00+01:00,196.17,196.17,196.15,196.15,0,0,0
2019-12-19 17:10:00+01:00,196.16,196.18,196.16,196.18,0,0,0
2019-12-19 17:11:00+01:00,196.13,196.13,195.98,195.98,0,0,0
2019-12-19 17:12:00+01:00,196.08,196.11,196.08,196.11,0,0,0
2019-12-19 17:13:00+01:00,196.25,196.25,196.22,196.22,0,0,0
2019-12-19 17:14:00+01:00,196.19,196.19,196.18,196.18,0,0,0
2019-12-19 17:15:00+01:00,196.23,196.32,196.23,196.32,0,0,0
2019-12-19 17:16:00+01:00,196.31,196.32,196.31,196.32,0,0,0
2019-12-19 17:17:00+01:00,196.32,196.32,196.3,196.31,0,0,0
2019-12-19 17:18:00+01:00,196.36,196.38,196.36,196.38,0,0,0
2019-12-19 17:19:00+01:00,196.34,196.34,196.33,196.33,0,0,0
2019-12-19 17:20:00+01:00,196.36,196.36,196.36,196.36,0,0,0
2019-12-19 17:21:00+01:00,196.38,196.38,196.31,196.31,0,0,0
2019-12-19 17:22:00+01:00,196.2,196.21,196.2,196.21,0,0,0
2019-12-19 17:23:00+01:00,196.06,196.15,196.06,196.15,0,0,0
2019-12-19 17:24:00+01:00,196.17,196.21,196.17,196.21,0,0,0
2019-12-19 17:25:00+01:00,196.24,196.24,196.24,196.24,0,0,0
2019-12-19 17:26:00+01:00,196.29,196.34,196.29,196.34,0,0,0
2019-12-19 17:27:00+01:00,196.39,196.41,196.39,196.41,0,0,0
2019-12-19 17:28:00+01:00,196.43,196.46,196.43,196.46,0,0,0
2019-12-19 17:29:00+01:00,196.43,196.46,196.43,196.46,0,0,0
2019-12-20 09:00:00+01:00,196.62,196.7,196.62,196.7,0,0,0
2019-12-20 09:01:00+01:00,196.63,196.63,196.57,196.57,0,0,0
2019-12-20 09:02:00+01:00,196.65,196.65,196.65,196.65,0,0,0
2019-12-20 09:03:00+01:00,196.65,196.65,196.61,196.61,0,0,0
2019-12-20 09:04:00+01:00,196.65,196.65,196.65,196.65,0,0,0
2019-12-20 09:05:00+01:00,196.63,196.63,196.63,196.63,0,0,0
2019-12-20 09:06:00+01:00,196.65,196.66,196.65,196.66,0,0,0
2019-12-20 09:07:00+01:00,196.71,196.71,196.68,196.68,0,0,0
2019-12-20 09:08:00+01:00,196.68,196.68,196.67,196.67,0,0,0
2019-12-20 09:09:00+01:00,196.66,196.67,196.66,196.67,0,0,0
2019-12-20 09:10:00+01:00,196.67,196.69,196.67,196.69,0,0,0
2019-12-20 09:11:00+01:00,196.64,196.64,196.62,196.62,0,0,0
2019-12-20 09:12:00+01:00,196.53,196.55,196.53,196.55,0,0,0
2019-12-20 09:13:00+01:00,196.59,196.6,196.59,196.6,0,0,0
2019-12-20 09:14:00+01:00,196.63,196.63,196.6,196.6,0,0,0
2019-12-20 09:15:00+01:00,196.6,196.6,196.59,196.59,0,0,0
2019-12-20 09:16:00+01:00,196.59,196.59,196.57,196.57,0,0,0
2019-12-20 09:17:00+01:00,196.58,196.58,196.54,196.54,0,0,0
2019-12-20 09:18:00+01:00,196.55,196.56,196.55,196.56,0,0,0
2019-12-20 09:19:00+01:00,196.59,196.6,196.59,196.6,0,0,0
2019-12-20 09:20:00+01:00,196.6,196.6,196.57,196.57,0,0,0
2019-12-20 09:21:00+01:00,196.56,196.58,196.56,196.58,0,0,0
2019-12-20 09:22:00+01:00,196.61,196.62,196.61,196.62,0,0,0
2019-12-20 09:23:00+01:00,196.62,196.62,196.58,196.58,0,0,0
2019-12-20 09:24:00+01:00,196.56,196.57,196.56,196.57,0,0,0
2019-12-20 09:25:00+01:00,196.54,196.57,196.54,196.57,0,0,0
2019-12-20 09:26:00+01:00,196.56,196.57,196.56,196.57,0,0,0
2019-12-20 09:27:00+01:00,196.58,196.58,196.58,196.58,0,0,0
2019-12-20 09:28:00+01:00,196.58,196.6,196.58,196.6,0,0,0
2019-12-20 09:29:00+01:00,196.66,196.66,196.66,196.66,0,0,0
2019-12-20 09:30:00+01:00,196.65,196.65,196.65,196.65,0,0,0
2019-12-20 09:31:00+01:00,196.72,196.72,196.68,196.68,0,0,0
2019-12-20 09:32:00+01:00,196.64,196.64,196.64,196.64,0,0,0
2019-12-20 09:33:00+01:00,196.66,196.66,196.64,196.64,0,0,0
2019-12-20 09:34:00+01:00,196.63,196.64,196.63,196.64,0,0,0
2019-12-20 09:35:00+01:00,196.64,196.64,196.64,196.64,0,0,0
2019-12-20 09:36:00+01:00,196.64,196.7,196.64,196.7,0,0,0
2019-12-20 09:37:00+01:00,196.71,196.71,196.71,196.71,0,0,0
2019-12-20 09:38:00+01:00,196.73,196.73,196.72,196.72,0,0,0
2019-12-20 09:39:00+01:00,196.72,196.72,196.71,196.71,0,0,0
2019-12-20 09:40:00+01:00,196.75,196.77,196.75,196.77,0,0,0
2019-12-20 09:41:00+01:00,196.68,196.7,196.68,196.7,0,0,0
2019-12-20 09:42:00+01:00,196.63,196.63,196.62,196.62,0,0,0
2019-12-20 09:43:00+01:00,196.6,196.6,196.6,196.6,0,0,0
2019-12-20 09:44:00+01:00,196.59,196.6,196.59,196.6,0,0,0
2019-12-20 09:45:00+01:00,196.58,196.58,196.58,196.58,0,0,0
2019-12-20 09:46:00+01:00,196.6,196.6,196.6,196.6,0,0,0
2019-12-20 09:47:00+01:00,196.58,196.58,196.54,196.54,0,0,0
2019-12-20 09:48:00+01:00,196.58,196.58,196.56,196.56,0,0,0
2019-12-20 09:49:00+01:00,196.56,196.59,196.56,196.59,0,0,0
2019-12-20 09:50:00+01:00,196.61,196.61,196.6,196.6,0,0,0
2019-12-20 09:51:00+01:00,196.58,196.58,196.57,196.57,0,0,0
2019-12-20 09:52:00+01:00,196.57,196.57,196.57,196.57,0,0,0
2019-12-20 09:53:00+01:00,196.56,196.56,196.54,196.54,0,0,0
2019-12-20 09:54:00+01:00,196.55,196.56,196.55,196.56,0,0,0
2019-12-20 09:55:00+01:00,196.56,196.57,196.56,196.57,0,0,0
2019-12-20 09:56:00+01:00,196.58,196.59,196.58,196.59,0,0,0
2019-12-20 09:57:00+01:00,196.58,196.6,196.58,196.6,0,0,0
2019-12-20 09:58:00+01:00,196.62,196.62,196.6,196.6,0,0,0
2019-12-20 09:59:00+01:00,196.66,196.67,196.66,196.67,0,0,0
2019-12-20 10:00:00+01:00,196.71,196.71,196.71,196.71,0,0,0
2019-12-20 10:01:00+01:00,196.71,196.71,196.68,196.68,0,0,0
2019-12-20 10:02:00+01:00,196.64,196.64,196.63,196.63,0,0,0
2019-12-20 10:03:00+01:00,196.61,196.61,196.61,196.61,0,0,0
2019-12-20 10:04:00+01:00,196.59,196.59,196.58,196.58,0,0,0
2019-12-20 10:05:00+01:00,196.56,196.56,196.55,196.55,0,0,0
2019-12-20 10:06:00+01:00,196.57,196.59,196.57,196.59,0,0,0
2019-12-20 10:07:00+01:00,196.59,196.61,196.59,196.61,0,0,0
2019-12-20 10:08:00+01:00,196.6,196.6,196.57,196.57,0,0,0
2019-12-20 10:09:00+01:00,196.56,196.56,196.56,196.56,0,0,0
2019-12-20 10:10:00+01:00,196.55,196.55,196.54,196.54,0,0,0
2019-12-20 10:11:00+01:00,196.58,196.58,196.56,196.56,0,0,0
2019-12-20 10:12:00+01:00,196.58,196.58,196.54,196.54,0,0,0
2019-12-20 10:13:00+01:00,196.53,196.53,196.53,196.53,0,0,0
2019-12-20 10:14:00+01:00,196.53,196.53,196.53,196.53,0,0,0
2019-12-20 10:15:00+01:00,196.49,196.49,196.49,196.49,0,0,0
2019-12-20 10:16:00+01:00,196.51,196.51,196.48,196.48,0,0,0
2019-12-20 10:17:00+01:00,196.49,196.53,196.49,196.53,0,0,0
2019-12-20 10:18:00+01:00,196.53,196.54,196.53,196.54,0,0,0
2019-12-20 10:19:00+01:00,196.54,196.64,196.54,196.64,0,0,0
2019-12-20 10:20:00+01:00,196.61,196.61,196.61,196.61,0,0,0
2019-12-20 10:21:00+01:00,196.59,196.6,196.59,196.6,0,0,0
2019-12-20 10:22:00+01:00,196.57,196.57,196.54,196.54,0,0,0
2019-12-20 10:23:00+01:00,196.55,196.57,196.55,196.57,0,0,0
2019-12-20 10:24:00+01:00,196.55,196.55,196.55,196.55,0,0,0
2019-12-20 10:25:00+01:00,196.59,196.59,196.58,196.58,0,0,0
2019-12-20 10:26:00+01:00,196.56,196.56,196.56,196.56,0,0,0
2019-12-20 10:27:00+01:00,196.56,196.58,196.56,196.58,0,0,0
2019-12-20 10:28:00+01:00,196.58,196.6,196.58,196.6,0,0,0
2019-12-20 10:29:00+01:00,196.62,196.62,196.62,196.62,0,0,0
2019-12-20 10:30:00+01:00,196.67,196.69,196.67,196.69,0,0,0
2019-12-20 10:31:00+01:00,196.65,196.65,196.63,196.63,0,0,0
2019-12-20 10:32:00+01:00,196.65,196.65,196.64,196.64,0,0,0
2019-12-20 10:33:00+01:00,196.72,196.73,196.72,196.73,0,0,0
2019-12-20 10:34:00+01:00,196.69,196.74,196.69,196.74,0,0,0
2019-12-20 10:35:00+01:00,196.77,196.77,196.7,196.7,0,0,0
2019-12-20 10:36:00+01:00,196.7,196.72,196.7,196.72,0,0,0
2019-12-20 10:37:00+01:00,196.71,196.71,196.71,196.71,0,0,0
2019-12-20 10:38:00+01:00,196.74,196.74,196.73,196.73,0,0,0
2019-12-20 10:39:00+01:00,196.73,196.73,196.72,196.72,0,0,0
2019-12-20 10:40:00+01:00,196.73,196.73,196.73,196.73,0,0,0
2019-12-20 10:41:00+01:00,196.74,196.74,196.74,196.74,0,0,0
2019-12-20 10:42:00+01:00,196.78,196.82,196.78,196.82,0,0,0
2019-12-20 10:43:00+01:00,196.85,196.85,196.83,196.83,0,0,0
2019-12-20 10:44:00+01:00,196.79,196.84,196.79,196.84,0,0,0
2019-12-20 10:45:00+01:00,196.77,196.78,196.77,196.78,0,0,0
2019-12-20 10:46:00+01:00,196.79,196.79,196.76,196.76,0,0,0
2019-12-20 10:47:00+01:00,196.75,196.75,196.74,196.74,0,0,0
2019-12-20 10:48:00+01:00,196.74,196.77,196.74,196.77,0,0,0
2019-12-20 10:49:00+01:00,196.73,196.74,196.73,196.74,0,0,0
2019-12-20 10:50:00+01:00,196.73,196.73,196.68,196.68,0,0,0
2019-12-20 10:51:00+01:00,196.65,196.65,196.65,196.65,0,0,0
2019-12-20 10:52:00+01:00,196.66,196.67,196.66,196.67,0,0,0
2019-12-20 10:53:00+01:00,196.71,196.72,196.71,196.72,0,0,0
2019-12-20 10:54:00+01:00,196.74,196.74,196.74,196.74,0,0,0
2019-12-20 10:55:00+01:00,196.72,196.73,196.72,196.73,0,0,0
2019-12-20 10:56:00+01:00,196.73,196.73,196.73,196.73,0,0,0
2019-12-20 10:57:00+01:00,196.74,196.74,196.72,196.72,0,0,0
2019-12-20 10:58:00+01:00,196.72,196.72,196.72,196.72,0,0,0
2019-12-20 10:59:00+01:00,196.75,196.75,196.73,196.73,0,0,0
2019-12-20 11:00:00+01:00,196.71,196.71,196.68,196.68,0,0,0
2019-12-20 11:01:00+01:00,196.69,196.71,196.69,196.71,0,0,0
2019-12-20 11:02:00+01:00,196.73,196.74,196.73,196.74,0,0,0
2019-12-20 11:03:00+01:00,196.77,196.77,196.75,196.75,0,0,0
2019-12-20 11:04:00+01:00,196.76,196.76,196.75,196.75,0,0,0
2019-12-20 11:05:00+01:00,196.76,196.76,196.76,196.76,0,0,0
2019-12-20 11:06:00+01:00,196.77,196.77,196.76,196.76,0,0,0
2019-12-20 11:07:00+01:00,196.78,196.78,196.75,196.75,0,0,0
2019-12-20 11:08:00+01:00,196.77,196.77,196.75,196.75,0,0,0
2019-12-20 11:09:00+01:00,196.76,196.76,196.75,196.75,0,0,0
2019-12-20 11:10:00+01:00,196.75,196.75,196.74,196.74,0,0,0
2019-12-20 11:11:00+01:00,196.75,196.75,196.74,196.74,0,0,0
2019-12-20 11:12:00+01:00,196.74,196.74,196.7,196.71,0,0,0
2019-12-20 11:13:00+01:00,196.7,196.7,196.7,196.7,0,0,0
2019-12-20 11:14:00+01:00,196.7,196.71,196.7,196.71,0,0,0
2019-12-20 11:15:00+01:00,196.66,196.69,196.66,196.69,0,0,0
2019-12-20 11:16:00+01:00,196.69,196.72,196.69,196.72,0,0,0
2019-12-20 11:17:00+01:00,196.7,196.72,196.7,196.72,0,0,0
2019-12-20 11:18:00+01:00,196.69,196.69,196.69,196.69,0,0,0
2019-12-20 11:19:00+01:00,196.69,196.7,196.69,196.7,0,0,0
2019-12-20 11:20:00+01:00,196.72,196.76,196.72,196.76,0,0,0
2019-12-20 11:21:00+01:00,196.78,196.79,196.78,196.79,0,0,0
2019-12-20 11:22:00+01:00,196.75,196.75,196.75,196.75,0,0,0
2019-12-20 11:23:00+01:00,196.75,196.78,196.75,196.78,0,0,0
2019-12-20 11:24:00+01:00,196.77,196.78,196.76,196.78,0,0,0
2019-12-20 11:25:00+01:00,196.77,196.77,196.77,196.77,0,0,0
2019-12-20 11:26:00+01:00,196.79,196.81,196.79,196.79,0,0,0
2019-12-20 11:27:00+01:00,196.78,196.82,196.78,196.82,0,0,0
2019-12-20 11:28:00+01:00,196.83,196.83,196.78,196.78,0,0,0
2019-12-20 11:29:00+01:00,196.79,196.79,196.79,196.79,0,0,0
2019-12-20 11:30:00+01:00,196.79,196.79,196.78,196.78,0,0,0
2019-12-20 11:31:00+01:00,196.81,196.81,196.73,196.76,0,0,0
2019-12-20 11:32:00+01:00,196.69,196.69,196.69,196.69,0,0,0
2019-12-20 11:33:00+01:00,196.69,196.69,196.67,196.67,0,0,0
2019-12-20 11:34:00+01:00,196.64,196.65,196.64,196.65,0,0,0
2019-12-20 11:35:00+01:00,196.67,196.7,196.67,196.7,0,0,0
2019-12-20 11:36:00+01:00,196.7,196.7,196.67,196.68,0,0,0
2019-12-20 11:37:00+01:00,196.67,196.7,196.67,196.7,0,0,0
2019-12-20 11:38:00+01:00,196.67,196.68,196.67,196.68,0,0,0
2019-12-20 11:39:00+01:00,196.68,196.7,196.68,196.7,0,0,0
2019-12-20 11:40:00+01:00,196.7,196.7,196.69,196.69,0,0,0
2019-12-20 11:41:00+01:00,196.7,196.7,196.69,196.69,0,0,0
2019-12-20 11:42:00+01:00,196.68,196.69,196.68,196.69,0,0,0
2019-12-20 11:43:00+01:00,196.69,196.7,196.69,196.7,0,0,0
2019-12-20 11:44:00+01:00,196.7,196.7,196.7,196.7,0,0,0
2019-12-20 11:45:00+01:00,196.69,196.71,196.69,196.71,0,0,0
2019-12-20 11:46:00+01:00,196.74,196.74,196.68,196.68,0,0,0
2019-12-20 11:47:00+01:00,196.67,196.68,196.67,196.68,0,0,0
2019-12-20 11:48:00+01:00,196.69,196.72,196.69,196.72,0,0,0
2019-12-20 11:49:00+01:00,196.72,196.72,196.7,196.7,0,0,0
2019-12-20 11:50:00+01:00,196.71,196.71,196.71,196.71,0,0,0
2019-12-20 11:51:00+01:00,196.71,196.71,196.71,196.71,0,0,0
2019-12-20 11:52:00+01:00,196.71,196.71,196.71,196.71,0,0,0
2019-12-20 11:53:00+01:00,196.7,196.7,196.7,196.7,0,0,0
2019-12-20 11:54:00+01:00,196.69,196.69,196.69,196.69,0,0,0
2019-12-20 11:55:00+01:00,196.7,196.72,196.7,196.72,0,0,0
2019-12-20 11:56:00+01:00,196.77,196.79,196.77,196.79,0,0,0
2019-12-20 11:57:00+01:00,196.79,196.79,196.74,196.74,0,0,0
2019-12-20 11:58:00+01:00,196.77,196.8,196.77,196.8,0,0,0
2019-12-20 11:59:00+01:00,196.79,196.79,196.76,196.76,0,0,0
2019-12-20 12:00:00+01:00,196.76,196.76,196.74,196.74,0,0,0
2019-12-20 12:01:00+01:00,196.72,196.78,196.72,196.78,0,0,0
2019-12-20 12:02:00+01:00,196.77,196.77,196.76,196.76,0,0,0
2019-12-20 12:03:00+01:00,196.73,196.75,196.73,196.73,0,0,0
2019-12-20 12:04:00+01:00,196.73,196.73,196.69,196.69,0,0,0
2019-12-20 12:05:00+01:00,196.69,196.7,196.69,196.7,0,0,0
2019-12-20 12:06:00+01:00,196.73,196.73,196.73,196.73,0,0,0
2019-12-20 12:07:00+01:00,196.73,196.74,196.73,196.74,0,0,0
2019-12-20 12:08:00+01:00,196.74,196.74,196.74,196.74,0,0,0
2019-12-20 12:09:00+01:00,196.75,196.78,196.75,196.75,0,0,0
2019-12-20 12:10:00+01:00,196.73,196.73,196.73,196.73,0,0,0
2019-12-20 12:11:00+01:00,196.74,196.74,196.73,196.73,0,0,0
2019-12-20 12:12:00+01:00,196.74,196.76,196.74,196.76,0,0,0
2019-12-20 12:13:00+01:00,196.74,196.74,196.74,196.74,0,0,0
2019-12-20 12:14:00+01:00,196.75,196.75,196.74,196.74,0,0,0
2019-12-20 12:15:00+01:00,196.72,196.72,196.69,196.69,0,0,0
2019-12-20 12:16:00+01:00,196.71,196.71,196.71,196.71,0,0,0
2019-12-20 12:17:00+01:00,196.76,196.76,196.7,196.7,0,0,0
2019-12-20 12:18:00+01:00,196.69,196.7,196.69,196.7,0,0,0
2019-12-20 12:19:00+01:00,196.68,196.68,196.67,196.67,0,0,0
2019-12-20 12:20:00+01:00,196.61,196.62,196.61,196.62,0,0,0
2019-12-20 12:21:00+01:00,196.63,196.63,196.62,196.62,0,0,0
2019-12-20 12:22:00+01:00,196.62,196.63,196.62,196.63,0,0,0
2019-12-20 12:23:00+01:00,196.66,196.67,196.66,196.67,0,0,0
2019-12-20 12:24:00+01:00,196.64,196.64,196.62,196.62,0,0,0
2019-12-20 12:25:00+01:00,196.63,196.66,196.63,196.66,0,0,0
2019-12-20 12:26:00+01:00,196.68,196.68,196.66,196.66,0,0,0
2019-12-20 12:27:00+01:00,196.64,196.66,196.64,196.66,0,0,0
2019-12-20 12:28:00+01:00,196.62,196.63,196.62,196.63,0,0,0
2019-12-20 12:29:00+01:00,196.63,196.63,196.58,196.58,0,0,0
2019-12-20 12:30:00+01:00,196.52,196.52,196.49,196.49,0,0,0
2019-12-20 12:31:00+01:00,196.51,196.52,196.51,196.52,0,0,0
2019-12-20 12:32:00+01:00,196.61,196.62,196.61,196.61,0,0,0
2019-12-20 12:33:00+01:00,196.64,196.64,196.63,196.64,0,0,0
2019-12-20 12:34:00+01:00,196.61,196.61,196.61,196.61,0,0,0
2019-12-20 12:35:00+01:00,196.64,196.64,196.61,196.61,0,0,0
2019-12-20 12:36:00+01:00,196.58,196.58,196.58,196.58,0,0,0
2019-12-20 12:37:00+01:00,196.61,196.61,196.58,196.58,0,0,0
2019-12-20 12:38:00+01:00,196.6,196.68,196.6,196.67,0,0,0
2019-12-20 12:39:00+01:00,196.68,196.69,196.68,196.69,0,0,0
2019-12-20 12:40:00+01:00,196.65,196.65,196.64,196.64,0,0,0
2019-12-20 12:41:00+01:00,196.67,196.67,196.65,196.65,0,0,0
2019-12-20 12:42:00+01:00,196.66,196.66,196.64,196.64,0,0,0
2019-12-20 12:43:00+01:00,196.62,196.63,196.61,196.61,0,0,0
2019-12-20 12:44:00+01:00,196.61,196.61,196.6,196.6,0,0,0
2019-12-20 12:45:00+01:00,196.6,196.61,196.6,196.61,0,0,0
2019-12-20 12:46:00+01:00,196.61,196.61,196.57,196.58,0,0,0
2019-12-20 12:47:00+01:00,196.53,196.55,196.53,196.55,0,0,0
2019-12-20 12:48:00+01:00,196.58,196.58,196.56,196.56,0,0,0
2019-12-20 12:49:00+01:00,196.58,196.58,196.56,196.56,0,0,0
2019-12-20 12:50:00+01:00,196.57,196.58,196.57,196.57,0,0,0
2019-12-20 12:51:00+01:00,196.62,196.62,196.6,196.6,0,0,0
2019-12-20 12:52:00+01:00,196.6,196.6,196.54,196.54,0,0,0
2019-12-20 12:53:00+01:00,196.55,196.59,196.55,196.59,0,0,0
2019-12-20 12:54:00+01:00,196.6,196.6,196.6,196.6,0,0,0
2019-12-20 12:55:00+01:00,196.57,196.58,196.55,196.55,0,0,0
2019-12-20 12:56:00+01:00,196.54,196.56,196.53,196.53,0,0,0
2019-12-20 12:57:00+01:00,196.55,196.56,196.51,196.51,0,0,0
2019-12-20 12:58:00+01:00,196.52,196.55,196.52,196.55,0,0,0
2019-12-20 12:59:00+01:00,196.55,196.55,196.53,196.53,0,0,0
2019-12-20 13:00:00+01:00,196.54,196.54,196.53,196.53,0,0,0
2019-12-20 13:01:00+01:00,196.51,196.52,196.51,196.52,0,0,0
2019-12-20 13:02:00+01:00,196.54,196.56,196.54,196.56,0,0,0
2019-12-20 13:03:00+01:00,196.58,196.59,196.58,196.59,0,0,0
2019-12-20 13:04:00+01:00,196.59,196.6,196.59,196.6,0,0,0
2019-12-20 13:05:00+01:00,196.58,196.63,196.58,196.63,0,0,0
2019-12-20 13:06:00+01:00,196.66,196.66,196.65,196.65,0,0,0
2019-12-20 13:07:00+01:00,196.62,196.63,196.62,196.63,0,0,0
2019-12-20 13:08:00+01:00,196.63,196.64,196.63,196.64,0,0,0
2019-12-20 13:09:00+01:00,196.63,196.64,196.63,196.64,0,0,0
2019-12-20 13:10:00+01:00,196.65,196.65,196.65,196.65,0,0,0
2019-12-20 13:11:00+01:00,196.65,196.65,196.64,196.64,0,0,0
2019-12-20 13:12:00+01:00,196.64,196.69,196.64,196.69,0,0,0
2019-12-20 13:13:00+01:00,196.66,196.66,196.65,196.65,0,0,0
2019-12-20 13:14:00+01:00,196.67,196.68,196.66,196.68,0,0,0
2019-12-20 13:15:00+01:00,196.71,196.71,196.7,196.7,0,0,0
2019-12-20 13:16:00+01:00,196.65,196.65,196.63,196.63,0,0,0
2019-12-20 13:17:00+01:00,196.67,196.69,196.66,196.69,0,0,0
2019-12-20 13:18:00+01:00,196.7,196.71,196.7,196.71,0,0,0
2019-12-20 13:19:00+01:00,196.71,196.71,196.69,196.7,0,0,0
2019-12-20 13:20:00+01:00,196.71,196.71,196.67,196.67,0,0,0
2019-12-20 13:21:00+01:00,196.67,196.7,196.67,196.7,0,0,0
2019-12-20 13:22:00+01:00,196.69,196.69,196.69,196.69,0,0,0
2019-12-20 13:23:00+01:00,196.67,196.67,196.66,196.66,0,0,0
2019-12-20 13:24:00+01:00,196.69,196.69,196.65,196.65,0,0,0
2019-12-20 13:25:00+01:00,196.67,196.67,196.66,196.66,0,0,0
2019-12-20 13:26:00+01:00,196.69,196.69,196.62,196.62,0,0,0
2019-12-20 13:27:00+01:00,196.62,196.64,196.62,196.64,0,0,0
2019-12-20 13:28:00+01:00,196.65,196.67,196.65,196.65,0,0,0
2019-12-20 13:29:00+01:00,196.64,196.65,196.64,196.65,0,0,0
2019-12-20 13:30:00+01:00,196.63,196.63,196.58,196.58,0,0,0
2019-12-20 13:31:00+01:00,196.6,196.6,196.6,196.6,0,0,0
2019-12-20 13:32:00+01:00,196.59,196.59,196.58,196.58,0,0,0
2019-12-20 13:33:00+01:00,196.57,196.57,196.54,196.54,0,0,0
2019-12-20 13:34:00+01:00,196.56,196.57,196.55,196.55,0,0,0
2019-12-20 13:35:00+01:00,196.53,196.53,196.53,196.53,0,0,0
2019-12-20 13:36:00+01:00,196.54,196.56,196.54,196.56,0,0,0
2019-12-20 13:37:00+01:00,196.61,196.61,196.61,196.61,0,0,0
2019-12-20 13:38:00+01:00,196.66,196.67,196.66,196.67,0,0,0
2019-12-20 13:39:00+01:00,196.64,196.66,196.64,196.66,0,0,0
2019-12-20 13:40:00+01:00,196.64,196.67,196.64,196.67,0,0,0
2019-12-20 13:41:00+01:00,196.66,196.66,196.65,196.65,0,0,0
2019-12-20 13:42:00+01:00,196.65,196.65,196.65,196.65,0,0,0
2019-12-20 13:43:00+01:00,196.65,196.65,196.64,196.64,0,0,0
2019-12-20 13:44:00+01:00,196.62,196.66,196.62,196.66,0,0,0
2019-12-20 13:45:00+01:00,196.64,196.64,196.58,196.58,0,0,0
2019-12-20 13:46:00+01:00,196.57,196.58,196.57,196.58,0,0,0
2019-12-20 13:47:00+01:00,196.59,196.59,196.58,196.58,0,0,0
2019-12-20 13:48:00+01:00,196.6,196.61,196.59,196.61,0,0,0
2019-12-20 13:49:00+01:00,196.63,196.63,196.6,196.6,0,0,0
2019-12-20 13:50:00+01:00,196.63,196.63,196.6,196.6,0,0,0
2019-12-20 13:51:00+01:00,196.67,196.67,196.64,196.67,0,0,0
2019-12-20 13:52:00+01:00,196.65,196.66,196.65,196.66,0,0,0
2019-12-20 13:53:00+01:00,196.65,196.66,196.65,196.66,0,0,0
2019-12-20 13:54:00+01:00,196.67,196.67,196.67,196.67,0,0,0
2019-12-20 13:55:00+01:00,196.67,196.67,196.66,196.66,0,0,0
2019-12-20 13:56:00+01:00,196.68,196.69,196.68,196.69,0,0,0
2019-12-20 13:57:00+01:00,196.66,196.66,196.66,196.66,0,0,0
2019-12-20 13:58:00+01:00,196.64,196.66,196.64,196.66,0,0,0
2019-12-20 13:59:00+01:00,196.64,196.64,196.64,196.64,0,0,0
2019-12-20 14:00:00+01:00,196.67,196.67,196.65,196.65,0,0,0
2019-12-20 14:01:00+01:00,196.64,196.64,196.62,196.62,0,0,0
2019-12-20 14:02:00+01:00,196.56,196.56,196.54,196.54,0,0,0
2019-12-20 14:03:00+01:00,196.54,196.55,196.54,196.55,0,0,0
2019-12-20 14:04:00+01:00,196.55,196.58,196.55,196.58,0,0,0
2019-12-20 14:05:00+01:00,196.58,196.65,196.58,196.65,0,0,0
2019-12-20 14:06:00+01:00,196.61,196.61,196.6,196.6,0,0,0
2019-12-20 14:07:00+01:00,196.59,196.62,196.59,196.62,0,0,0
2019-12-20 14:08:00+01:00,196.64,196.64,196.64,196.64,0,0,0
2019-12-20 14:09:00+01:00,196.65,196.67,196.65,196.65,0,0,0
2019-12-20 14:10:00+01:00,196.64,196.67,196.64,196.67,0,0,0
2019-12-20 14:11:00+01:00,196.66,196.66,196.65,196.65,0,0,0
2019-12-20 14:12:00+01:00,196.63,196.63,196.63,196.63,0,0,0
2019-12-20 14:13:00+01:00,196.66,196.69,196.66,196.67,0,0,0
2019-12-20 14:14:00+01:00,196.66,196.66,196.66,196.66,0,0,0
2019-12-20 14:15:00+01:00,196.68,196.68,196.67,196.67,0,0,0
2019-12-20 14:16:00+01:00,196.67,196.68,196.67,196.68,0,0,0
2019-12-20 14:17:00+01:00,196.67,196.67,196.67,196.67,0,0,0
2019-12-20 14:18:00+01:00,196.69,196.69,196.67,196.67,0,0,0
2019-12-20 14:19:00+01:00,196.7,196.71,196.7,196.71,0,0,0
2019-12-20 14:20:00+01:00,196.73,196.75,196.73,196.75,0,0,0
2019-12-20 14:21:00+01:00,196.77,196.77,196.76,196.76,0,0,0
2019-12-20 14:22:00+01:00,196.75,196.78,196.75,196.78,0,0,0
2019-12-20 14:23:00+01:00,196.79,196.79,196.78,196.79,0,0,0
2019-12-20 14:24:00+01:00,196.79,196.79,196.79,196.79,0,0,0
2019-12-20 14:25:00+01:00,196.75,196.79,196.75,196.79,0,0,0
2019-12-20 14:26:00+01:00,196.78,196.79,196.78,196.79,0,0,0
2019-12-20 14:27:00+01:00,196.77,196.77,196.73,196.74,0,0,0
2019-12-20 14:28:00+01:00,196.73,196.76,196.73,196.76,0,0,0
2019-12-20 14:29:00+01:00,196.72,196.73,196.72,196.73,0,0,0
2019-12-20 14:30:00+01:00,196.65,196.65,196.65,196.65,0,0,0
2019-12-20 14:31:00+01:00,196.67,196.67,196.67,196.67,0,0,0
2019-12-20 14:32:00+01:00,196.69,196.7,196.69,196.7,0,0,0
2019-12-20 14:33:00+01:00,196.72,196.72,196.67,196.67,0,0,0
2019-12-20 14:34:00+01:00,196.62,196.65,196.62,196.65,0,0,0
2019-12-20 14:35:00+01:00,196.68,196.69,196.68,196.69,0,0,0
2019-12-20 14:36:00+01:00,196.73,196.74,196.73,196.74,0,0,0
2019-12-20 14:37:00+01:00,196.75,196.77,196.75,196.77,0,0,0
2019-12-20 14:38:00+01:00,196.76,196.76,196.75,196.76,0,0,0
2019-12-20 14:39:00+01:00,196.76,196.76,196.75,196.75,0,0,0
2019-12-20 14:40:00+01:00,196.74,196.75,196.74,196.75,0,0,0
2019-12-20 14:41:00+01:00,196.73,196.78,196.73,196.78,0,0,0
2019-12-20 14:42:00+01:00,196.74,196.82,196.74,196.82,0,0,0
2019-12-20 14:43:00+01:00,196.79,196.83,196.79,196.83,0,0,0
2019-12-20 14:44:00+01:00,196.83,196.83,196.8,196.8,0,0,0
2019-12-20 14:45:00+01:00,196.8,196.85,196.8,196.85,0,0,0
2019-12-20 14:46:00+01:00,196.84,196.88,196.84,196.88,0,0,0
2019-12-20 14:47:00+01:00,196.9,196.9,196.9,196.9,0,0,0
2019-12-20 14:48:00+01:00,196.89,196.91,196.89,196.91,0,0,0
2019-12-20 14:49:00+01:00,196.93,196.94,196.91,196.94,0,0,0
2019-12-20 14:50:00+01:00,196.95,196.97,196.95,196.97,0,0,0
2019-12-20 14:51:00+01:00,197.01,197.01,197.0,197.0,0,0,0
2019-12-20 14:52:00+01:00,197.0,197.0,196.99,196.99,0,0,0
2019-12-20 14:53:00+01:00,196.96,196.99,196.96,196.99,0,0,0
2019-12-20 14:54:00+01:00,197.01,197.01,196.99,196.99,0,0,0
2019-12-20 14:55:00+01:00,196.99,197.02,196.99,197.02,0,0,0
2019-12-20 14:56:00+01:00,197.04,197.09,197.04,197.09,0,0,0
2019-12-20 14:57:00+01:00,197.07,197.08,197.07,197.08,0,0,0
2019-12-20 14:58:00+01:00,197.11,197.12,197.11,197.12,0,0,0
2019-12-20 14:59:00+01:00,197.11,197.12,197.11,197.12,0,0,0
2019-12-20 15:00:00+01:00,197.13,197.13,197.09,197.09,0,0,0
2019-12-20 15:01:00+01:00,197.09,197.09,197.08,197.08,0,0,0
2019-12-20 15:02:00+01:00,197.06,197.06,197.06,197.06,0,0,0
2019-12-20 15:03:00+01:00,197.06,197.06,197.0,197.0,0,0,0
2019-12-20 15:04:00+01:00,197.0,197.0,196.99,196.99,0,0,0
2019-12-20 15:05:00+01:00,196.99,196.99,196.96,196.96,0,0,0
2019-12-20 15:06:00+01:00,196.97,196.97,196.96,196.96,0,0,0
2019-12-20 15:07:00+01:00,196.96,196.96,196.94,196.94,0,0,0
2019-12-20 15:08:00+01:00,196.92,196.92,196.92,196.92,0,0,0
2019-12-20 15:09:00+01:00,196.88,196.91,196.88,196.91,0,0,0
2019-12-20 15:10:00+01:00,196.91,196.91,196.89,196.89,0,0,0
2019-12-20 15:11:00+01:00,196.92,196.94,196.92,196.93,0,0,0
2019-12-20 15:12:00+01:00,196.93,196.93,196.92,196.92,0,0,0
2019-12-20 15:13:00+01:00,196.93,196.94,196.93,196.94,0,0,0
2019-12-20 15:14:00+01:00,196.94,196.96,196.94,196.96,0,0,0
2019-12-20 15:15:00+01:00,197.0,197.03,197.0,197.03,0,0,0
2019-12-20 15:16:00+01:00,197.0,197.0,196.98,196.98,0,0,0
2019-12-20 15:17:00+01:00,196.96,196.96,196.94,196.94,0,0,0
2019-12-20 15:18:00+01:00,196.95,196.96,196.95,196.96,0,0,0
2019-12-20 15:19:00+01:00,196.94,196.94,196.94,196.94,0,0,0
2019-12-20 15:20:00+01:00,196.94,196.94,196.93,196.93,0,0,0
2019-12-20 15:21:00+01:00,196.93,196.93,196.9,196.9,0,0,0
2019-12-20 15:22:00+01:00,196.89,196.89,196.87,196.87,0,0,0
2019-12-20 15:23:00+01:00,196.85,196.85,196.85,196.85,0,0,0
2019-12-20 15:24:00+01:00,196.85,196.85,196.83,196.83,0,0,0
2019-12-20 15:25:00+01:00,196.85,196.85,196.85,196.85,0,0,0
2019-12-20 15:26:00+01:00,196.85,196.89,196.85,196.89,0,0,0
2019-12-20 15:27:00+01:00,196.83,196.84,196.83,196.84,0,0,0
2019-12-20 15:28:00+01:00,196.84,196.89,196.84,196.89,0,0,0
2019-12-20 15:29:00+01:00,196.86,196.86,196.86,196.86,0,0,0
2019-12-20 15:30:00+01:00,196.85,196.85,196.84,196.84,0,0,0
2019-12-20 15:31:00+01:00,196.83,196.83,196.83,196.83,0,0,0
2019-12-20 15:32:00+01:00,196.8,196.8,196.8,196.8,0,0,0
2019-12-20 15:33:00+01:00,196.76,196.76,196.74,196.74,0,0,0
2019-12-20 15:34:00+01:00,196.71,196.71,196.71,196.71,0,0,0
2019-12-20 15:35:00+01:00,196.72,196.72,196.72,196.72,0,0,0
2019-12-20 15:36:00+01:00,196.7,196.7,196.7,196.7,0,0,0
2019-12-20 15:37:00+01:00,196.69,196.69,196.69,196.69,0,0,0
2019-12-20 15:38:00+01:00,196.66,196.68,196.66,196.68,0,0,0
2019-12-20 15:39:00+01:00,196.68,196.68,196.68,196.68,0,0,0
2019-12-20 15:40:00+01:00,196.7,196.7,196.7,196.7,0,0,0
2019-12-20 15:41:00+01:00,196.81,196.81,196.75,196.75,0,0,0
2019-12-20 15:42:00+01:00,196.76,196.76,196.76,196.76,0,0,0
2019-12-20 15:43:00+01:00,196.75,196.75,196.75,196.75,0,0,0
2019-12-20 15:44:00+01:00,196.75,196.76,196.75,196.76,0,0,0
2019-12-20 15:45:00+01:00,196.75,196.75,196.75,196.75,0,0,0
2019-12-20 15:46:00+01:00,196.77,196.77,196.77,196.77,0,0,0
2019-12-20 15:47:00+01:00,196.84,196.84,196.83,196.83,0,0,0
2019-12-20 15:48:00+01:00,196.83,196.83,196.83,196.83,0,0,0
2019-12-20 15:49:00+01:00,196.82,196.82,196.82,196.82,0,0,0
2019-12-20 15:50:00+01:00,196.79,196.81,196.79,196.81,0,0,0
2019-12-20 15:51:00+01:00,196.85,196.85,196.85,196.85,0,0,0
2019-12-20 15:52:00+01:00,196.88,196.88,196.88,196.88,0,0,0
2019-12-20 15:53:00+01:00,196.85,196.85,196.85,196.85,0,0,0
2019-12-20 15:54:00+01:00,196.84,196.87,196.84,196.87,0,0,0
2019-12-20 15:55:00+01:00,196.85,196.85,196.85,196.85,0,0,0
2019-12-20 15:56:00+01:00,196.84,196.84,196.84,196.84,0,0,0
2019-12-20 15:57:00+01:00,196.81,196.85,196.81,196.85,0,0,0
2019-12-20 15:58:00+01:00,196.89,196.89,196.86,196.86,0,0,0
2019-12-20 15:59:00+01:00,196.84,196.89,196.84,196.89,0,0,0
2019-12-20 16:00:00+01:00,196.87,196.87,196.87,196.87,0,0,0
2019-12-20 16:01:00+01:00,196.9,197.02,196.9,197.02,0,0,0
2019-12-20 16:02:00+01:00,196.96,196.96,196.96,196.96,0,0,0
2019-12-20 16:03:00+01:00,196.96,196.96,196.96,196.96,0,0,0
2019-12-20 16:04:00+01:00,196.95,196.97,196.95,196.97,0,0,0
2019-12-20 16:05:00+01:00,196.96,196.96,196.95,196.95,0,0,0
2019-12-20 16:06:00+01:00,196.97,196.97,196.97,196.97,0,0,0
2019-12-20 16:07:00+01:00,196.98,196.98,196.98,196.98,0,0,0
2019-12-20 16:08:00+01:00,196.96,196.96,196.95,196.95,0,0,0
2019-12-20 16:09:00+01:00,197.03,197.03,197.03,197.03,0,0,0
2019-12-20 16:10:00+01:00,197.0,197.0,196.99,196.99,0,0,0
2019-12-20 16:11:00+01:00,196.97,196.97,196.97,196.97,0,0,0
2019-12-20 16:12:00+01:00,197.0,197.0,197.0,197.0,0,0,0
2019-12-20 16:13:00+01:00,197.02,197.03,197.02,197.03,0,0,0
2019-12-20 16:14:00+01:00,197.02,197.07,197.02,197.07,0,0,0
2019-12-20 16:15:00+01:00,197.06,197.06,197.06,197.06,0,0,0
2019-12-20 16:16:00+01:00,197.1,197.1,197.1,197.1,0,0,0
2019-12-20 16:17:00+01:00,197.04,197.04,196.99,196.99,0,0,0
2019-12-20 16:18:00+01:00,196.97,196.97,196.97,196.97,0,0,0
2019-12-20 16:19:00+01:00,196.99,197.01,196.99,197.01,0,0,0
2019-12-20 16:20:00+01:00,197.04,197.08,197.04,197.08,0,0,0
2019-12-20 16:21:00+01:00,197.1,197.1,197.1,197.1,0,0,0
2019-12-20 16:22:00+01:00,197.14,197.25,197.14,197.25,0,0,0
2019-12-20 16:23:00+01:00,197.3,197.3,197.3,197.3,0,0,0
2019-12-20 16:24:00+01:00,197.29,197.29,197.27,197.27,0,0,0
2019-12-20 16:25:00+01:00,197.23,197.23,197.23,197.23,0,0,0
2019-12-20 16:26:00+01:00,197.23,197.24,197.23,197.24,0,0,0
2019-12-20 16:27:00+01:00,197.28,197.33,197.28,197.33,0,0,0
2019-12-20 16:28:00+01:00,197.35,197.35,197.35,197.35,0,0,0
2019-12-20 16:29:00+01:00,197.34,197.43,197.34,197.43,0,0,0
2019-12-20 16:30:00+01:00,197.4,197.41,197.4,197.41,0,0,0
2019-12-20 16:31:00+01:00,197.42,197.42,197.42,197.42,0,0,0
2019-12-20 16:32:00+01:00,197.44,197.48,197.44,197.48,0,0,0
2019-12-20 16:33:00+01:00,197.56,197.56,197.56,197.56,0,0,0
2019-12-20 16:34:00+01:00,197.67,197.68,197.67,197.68,0,0,0
2019-12-20 16:35:00+01:00,197.69,197.69,197.66,197.66,0,0,0
2019-12-20 16:36:00+01:00,197.61,197.61,197.61,197.61,0,0,0
2019-12-20 16:37:00+01:00,197.58,197.58,197.52,197.52,0,0,0
2019-12-20 16:38:00+01:00,197.55,197.57,197.55,197.57,0,0,0
2019-12-20 16:39:00+01:00,197.57,197.57,197.57,197.57,0,0,0
2019-12-20 16:40:00+01:00,197.61,197.63,197.61,197.63,0,0,0
2019-12-20 16:41:00+01:00,197.62,197.62,197.61,197.61,0,0,0
2019-12-20 16:42:00+01:00,197.61,197.61,197.6,197.6,0,0,0
2019-12-20 16:43:00+01:00,197.56,197.58,197.56,197.58,0,0,0
2019-12-20 16:44:00+01:00,197.57,197.57,197.56,197.56,0,0,0
2019-12-20 16:45:00+01:00,197.52,197.52,197.52,197.52,0,0,0
2019-12-20 16:46:00+01:00,197.48,197.48,197.42,197.42,0,0,0
2019-12-20 16:47:00+01:00,197.42,197.45,197.42,197.45,0,0,0
2019-12-20 16:48:00+01:00,197.4,197.4,197.4,197.4,0,0,0
2019-12-20 16:49:00+01:00,197.45,197.48,197.45,197.48,0,0,0
2019-12-20 16:50:00+01:00,197.53,197.53,197.53,197.53,0,0,0
2019-12-20 16:51:00+01:00,197.53,197.53,197.46,197.46,0,0,0
2019-12-20 16:52:00+01:00,197.54,197.54,197.54,197.54,0,0,0
2019-12-20 16:53:00+01:00,197.53,197.53,197.52,197.52,0,0,0
2019-12-20 16:54:00+01:00,197.44,197.44,197.44,197.44,0,0,0
2019-12-20 16:55:00+01:00,197.43,197.43,197.39,197.39,0,0,0
2019-12-20 16:56:00+01:00,197.41,197.41,197.41,197.41,0,0,0
2019-12-20 16:57:00+01:00,197.43,197.43,197.31,197.31,0,0,0
2019-12-20 17:00:00+01:00,197.28,197.28,197.28,197.28,0,0,0
2019-12-20 17:01:00+01:00,197.31,197.36,197.31,197.36,0,0,0
2019-12-20 17:02:00+01:00,197.43,197.43,197.43,197.43,0,0,0
2019-12-20 17:03:00+01:00,197.41,197.43,197.41,197.43,0,0,0
2019-12-20 17:04:00+01:00,197.45,197.45,197.44,197.44,0,0,0
2019-12-20 17:05:00+01:00,197.39,197.39,197.39,197.39,0,0,0
2019-12-20 17:06:00+01:00,197.41,197.41,197.41,197.41,0,0,0
2019-12-20 17:07:00+01:00,197.39,197.39,197.39,197.39,0,0,0
2019-12-20 17:08:00+01:00,197.39,197.39,197.35,197.35,0,0,0
2019-12-20 17:09:00+01:00,197.31,197.31,197.31,197.31,0,0,0
2019-12-20 17:10:00+01:00,197.31,197.31,197.31,197.31,0,0,0
2019-12-20 17:11:00+01:00,197.25,197.26,197.25,197.26,0,0,0
2019-12-20 17:12:00+01:00,197.28,197.28,197.28,197.28,0,0,0
2019-12-20 17:13:00+01:00,197.3,197.31,197.3,197.31,0,0,0
2019-12-20 17:14:00+01:00,197.26,197.26,197.21,197.21,0,0,0
2019-12-20 17:15:00+01:00,197.15,197.16,197.15,197.16,0,0,0
2019-12-20 17:16:00+01:00,197.17,197.21,197.17,197.21,0,0,0
2019-12-20 17:17:00+01:00,197.23,197.23,197.23,197.23,0,0,0
2019-12-20 17:18:00+01:00,197.26,197.27,197.26,197.27,0,0,0
2019-12-20 17:19:00+01:00,197.25,197.25,197.22,197.22,0,0,0
2019-12-20 17:20:00+01:00,197.2,197.2,197.2,197.2,0,0,0
2019-12-20 17:21:00+01:00,197.21,197.21,197.2,197.2,0,0,0
2019-12-20 17:22:00+01:00,197.19,197.23,197.19,197.23,0,0,0
2019-12-20 17:23:00+01:00,197.26,197.26,197.24,197.24,0,0,0
2019-12-20 17:24:00+01:00,197.25,197.25,197.24,197.24,0,0,0
2019-12-20 17:25:00+01:00,197.26,197.26,197.26,197.26,0,0,0
2019-12-20 17:26:00+01:00,197.24,197.24,197.24,197.24,0,0,0
2019-12-20 17:28:00+01:00,197.26,197.26,197.26,197.26,0,0,0
2019-12-20 17:29:00+01:00,197.27,197.27,197.27,197.27,0,0,0
2019-12-23 09:00:00+01:00,196.96,196.96,196.96,196.96,0,0,0
2019-12-23 09:01:00+01:00,197.01,197.03,197.01,197.03,0,0,0
2019-12-23 09:02:00+01:00,197.06,197.38,197.06,197.38,0,0,0
2019-12-23 09:03:00+01:00,197.39,197.39,197.37,197.37,0,0,0
2019-12-23 09:04:00+01:00,197.37,197.37,197.35,197.35,0,0,0
2019-12-23 09:05:00+01:00,197.34,197.34,197.34,197.34,0,0,0
2019-12-23 09:06:00+01:00,197.32,197.32,197.3,197.3,0,0,0
2019-12-23 09:07:00+01:00,197.31,197.31,197.31,197.31,0,0,0
2019-12-23 09:08:00+01:00,197.29,197.29,197.25,197.25,0,0,0
2019-12-23 09:09:00+01:00,197.23,197.24,197.23,197.24,0,0,0
2019-12-23 09:10:00+01:00,197.19,197.21,197.19,197.21,0,0,0
2019-12-23 09:11:00+01:00,197.32,197.32,197.32,197.32,0,0,0
2019-12-23 09:12:00+01:00,197.4,197.49,197.4,197.49,0,0,0
2019-12-23 09:13:00+01:00,197.49,197.49,197.49,197.49,0,0,0
2019-12-23 09:14:00+01:00,197.51,197.56,197.51,197.56,0,0,0
2019-12-23 09:15:00+01:00,197.52,197.52,197.52,197.52,0,0,0
2019-12-23 09:16:00+01:00,197.54,197.59,197.54,197.59,0,0,0
2019-12-23 09:17:00+01:00,197.58,197.58,197.58,197.58,0,0,0
2019-12-23 09:18:00+01:00,197.53,197.65,197.53,197.65,0,0,0
2019-12-23 09:19:00+01:00,197.61,197.61,197.61,197.61,0,0,0
2019-12-23 09:20:00+01:00,197.59,197.59,197.56,197.56,0,0,0
2019-12-23 09:21:00+01:00,197.55,197.55,197.55,197.55,0,0,0
2019-12-23 09:22:00+01:00,197.57,197.57,197.41,197.41,0,0,0
2019-12-23 09:23:00+01:00,197.41,197.41,197.41,197.41,0,0,0
2019-12-23 09:24:00+01:00,197.41,197.41,197.41,197.41,0,0,0
2019-12-23 09:25:00+01:00,197.39,197.4,197.39,197.4,0,0,0
2019-12-23 09:26:00+01:00,197.39,197.39,197.38,197.38,0,0,0
2019-12-23 09:27:00+01:00,197.38,197.38,197.38,197.38,0,0,0
2019-12-23 09:28:00+01:00,197.41,197.43,197.41,197.43,0,0,0
2019-12-23 09:29:00+01:00,197.42,197.42,197.41,197.41,0,0,0
2019-12-23 09:30:00+01:00,197.41,197.41,197.4,197.4,0,0,0
2019-12-23 09:31:00+01:00,197.37,197.38,197.37,197.38,0,0,0
2019-12-23 09:32:00+01:00,197.44,197.44,197.44,197.44,0,0,0
2019-12-23 09:33:00+01:00,197.34,197.34,197.32,197.32,0,0,0
2019-12-23 09:34:00+01:00,197.31,197.32,197.31,197.32,0,0,0
2019-12-23 09:35:00+01:00,197.33,197.34,197.33,197.34,0,0,0
2019-12-23 09:36:00+01:00,197.37,197.39,197.37,197.39,0,0,0
2019-12-23 09:37:00+01:00,197.39,197.39,197.38,197.38,0,0,0
2019-12-23 09:38:00+01:00,197.36,197.36,197.35,197.35,0,0,0
2019-12-23 09:39:00+01:00,197.37,197.38,197.37,197.38,0,0,0
2019-12-23 09:40:00+01:00,197.36,197.37,197.36,197.37,0,0,0
2019-12-23 09:41:00+01:00,197.36,197.36,197.34,197.34,0,0,0
2019-12-23 09:42:00+01:00,197.29,197.29,197.29,197.29,0,0,0
2019-12-23 09:43:00+01:00,197.26,197.33,197.26,197.33,0,0,0
2019-12-23 09:44:00+01:00,197.32,197.33,197.32,197.33,0,0,0
2019-12-23 09:45:00+01:00,197.32,197.32,197.32,197.32,0,0,0
2019-12-23 09:46:00+01:00,197.31,197.31,197.31,197.31,0,0,0
2019-12-23 09:47:00+01:00,197.28,197.3,197.28,197.3,0,0,0
2019-12-23 09:48:00+01:00,197.35,197.35,197.34,197.34,0,0,0
2019-12-23 09:49:00+01:00,197.32,197.35,197.32,197.35,0,0,0
2019-12-23 09:50:00+01:00,197.37,197.37,197.35,197.35,0,0,0
2019-12-23 09:51:00+01:00,197.32,197.36,197.32,197.36,0,0,0
2019-12-23 09:52:00+01:00,197.38,197.41,197.38,197.41,0,0,0
2019-12-23 09:53:00+01:00,197.42,197.42,197.37,197.37,0,0,0
2019-12-23 09:54:00+01:00,197.37,197.44,197.37,197.44,0,0,0
2019-12-23 09:55:00+01:00,197.4,197.4,197.39,197.39,0,0,0
2019-12-23 09:56:00+01:00,197.41,197.41,197.38,197.38,0,0,0
2019-12-23 09:57:00+01:00,197.39,197.39,197.37,197.37,0,0,0
2019-12-23 09:58:00+01:00,197.36,197.36,197.34,197.34,0,0,0
2019-12-23 09:59:00+01:00,197.37,197.37,197.36,197.36,0,0,0
2019-12-23 10:00:00+01:00,197.33,197.33,197.3,197.3,0,0,0
2019-12-23 10:01:00+01:00,197.28,197.28,197.24,197.24,0,0,0
2019-12-23 10:02:00+01:00,197.27,197.27,197.22,197.22,0,0,0
2019-12-23 10:03:00+01:00,197.19,197.2,197.19,197.2,0,0,0
2019-12-23 10:04:00+01:00,197.2,197.2,197.19,197.19,0,0,0
2019-12-23 10:05:00+01:00,197.19,197.2,197.19,197.2,0,0,0
2019-12-23 10:06:00+01:00,197.2,197.2,197.18,197.18,0,0,0
2019-12-23 10:07:00+01:00,197.18,197.18,197.18,197.18,0,0,0
2019-12-23 10:08:00+01:00,197.18,197.18,197.18,197.18,0,0,0
2019-12-23 10:09:00+01:00,197.16,197.16,197.16,197.16,0,0,0
2019-12-23 10:10:00+01:00,197.17,197.17,197.17,197.17,0,0,0
2019-12-23 10:11:00+01:00,197.13,197.16,197.13,197.16,0,0,0
2019-12-23 10:12:00+01:00,197.17,197.24,197.17,197.24,0,0,0
2019-12-23 10:13:00+01:00,197.27,197.27,197.27,197.27,0,0,0
2019-12-23 10:14:00+01:00,197.3,197.31,197.3,197.31,0,0,0
2019-12-23 10:15:00+01:00,197.33,197.33,197.33,197.33,0,0,0
2019-12-23 10:16:00+01:00,197.29,197.29,197.29,197.29,0,0,0
2019-12-23 10:17:00+01:00,197.29,197.3,197.29,197.3,0,0,0
2019-12-23 10:18:00+01:00,197.29,197.29,197.26,197.26,0,0,0
2019-12-23 10:19:00+01:00,197.34,197.37,197.34,197.37,0,0,0
2019-12-23 10:20:00+01:00,197.33,197.34,197.33,197.34,0,0,0
2019-12-23 10:21:00+01:00,197.33,197.33,197.32,197.32,0,0,0
2019-12-23 10:22:00+01:00,197.34,197.34,197.34,197.34,0,0,0
2019-12-23 10:23:00+01:00,197.34,197.34,197.33,197.33,0,0,0
2019-12-23 10:24:00+01:00,197.34,197.36,197.34,197.36,0,0,0
2019-12-23 10:25:00+01:00,197.34,197.35,197.34,197.35,0,0,0
2019-12-23 10:26:00+01:00,197.36,197.36,197.34,197.34,0,0,0
2019-12-23 10:27:00+01:00,197.36,197.36,197.34,197.34,0,0,0
2019-12-23 10:28:00+01:00,197.32,197.32,197.32,197.32,0,0,0
2019-12-23 10:29:00+01:00,197.29,197.32,197.29,197.32,0,0,0
2019-12-23 10:30:00+01:00,197.32,197.32,197.3,197.3,0,0,0
2019-12-23 10:31:00+01:00,197.3,197.36,197.3,197.36,0,0,0
2019-12-23 10:32:00+01:00,197.39,197.43,197.39,197.43,0,0,0
2019-12-23 10:33:00+01:00,197.46,197.46,197.46,197.46,0,0,0
2019-12-23 10:34:00+01:00,197.46,197.46,197.46,197.46,0,0,0
2019-12-23 10:35:00+01:00,197.45,197.45,197.45,197.45,0,0,0
2019-12-23 10:36:00+01:00,197.46,197.46,197.45,197.45,0,0,0
2019-12-23 10:37:00+01:00,197.46,197.46,197.43,197.43,0,0,0
2019-12-23 10:38:00+01:00,197.39,197.39,197.39,197.39,0,0,0
2019-12-23 10:39:00+01:00,197.41,197.43,197.41,197.43,0,0,0
2019-12-23 10:40:00+01:00,197.42,197.46,197.42,197.46,0,0,0
2019-12-23 10:41:00+01:00,197.4,197.4,197.39,197.39,0,0,0
2019-12-23 10:42:00+01:00,197.38,197.42,197.38,197.42,0,0,0
2019-12-23 10:43:00+01:00,197.4,197.43,197.4,197.43,0,0,0
2019-12-23 10:44:00+01:00,197.37,197.37,197.34,197.34,0,0,0
2019-12-23 10:45:00+01:00,197.4,197.4,197.38,197.38,0,0,0
2019-12-23 10:46:00+01:00,197.38,197.38,197.36,197.37,0,0,0
2019-12-23 10:47:00+01:00,197.38,197.38,197.37,197.37,0,0,0
2019-12-23 10:48:00+01:00,197.37,197.41,197.37,197.41,0,0,0
2019-12-23 10:49:00+01:00,197.41,197.41,197.38,197.38,0,0,0
2019-12-23 10:50:00+01:00,197.42,197.42,197.37,197.37,0,0,0
2019-12-23 10:51:00+01:00,197.39,197.39,197.39,197.39,0,0,0
2019-12-23 10:52:00+01:00,197.39,197.39,197.39,197.39,0,0,0
2019-12-23 10:53:00+01:00,197.37,197.39,197.37,197.39,0,0,0
2019-12-23 10:54:00+01:00,197.34,197.34,197.3,197.3,0,0,0
2019-12-23 10:55:00+01:00,197.32,197.32,197.31,197.31,0,0,0
2019-12-23 10:56:00+01:00,197.28,197.28,197.28,197.28,0,0,0
2019-12-23 10:57:00+01:00,197.28,197.28,197.28,197.28,0,0,0
2019-12-23 10:58:00+01:00,197.29,197.29,197.29,197.29,0,0,0
2019-12-23 10:59:00+01:00,197.29,197.29,197.29,197.29,0,0,0
2019-12-23 11:00:00+01:00,197.27,197.29,197.27,197.29,0,0,0
2019-12-23 11:01:00+01:00,197.28,197.28,197.23,197.23,0,0,0
2019-12-23 11:02:00+01:00,197.22,197.25,197.21,197.25,0,0,0
2019-12-23 11:03:00+01:00,197.26,197.26,197.24,197.24,0,0,0
2019-12-23 11:04:00+01:00,197.26,197.26,197.25,197.25,0,0,0
2019-12-23 11:05:00+01:00,197.25,197.25,197.22,197.22,0,0,0
2019-12-23 11:06:00+01:00,197.19,197.23,197.19,197.23,0,0,0
2019-12-23 11:07:00+01:00,197.16,197.19,197.16,197.19,0,0,0
2019-12-23 11:08:00+01:00,197.23,197.23,197.19,197.19,0,0,0
2019-12-23 11:09:00+01:00,197.17,197.18,197.17,197.17,0,0,0
2019-12-23 11:10:00+01:00,197.17,197.17,197.16,197.16,0,0,0
2019-12-23 11:11:00+01:00,197.09,197.09,197.0,197.01,0,0,0
2019-12-23 11:12:00+01:00,196.99,197.06,196.99,197.06,0,0,0
2019-12-23 11:13:00+01:00,197.09,197.15,197.09,197.15,0,0,0
2019-12-23 11:14:00+01:00,197.16,197.16,197.14,197.16,0,0,0
2019-12-23 11:15:00+01:00,197.16,197.16,197.13,197.13,0,0,0
2019-12-23 11:16:00+01:00,197.07,197.07,197.05,197.07,0,0,0
2019-12-23 11:17:00+01:00,197.07,197.1,197.07,197.1,0,0,0
2019-12-23 11:18:00+01:00,197.09,197.09,197.08,197.09,0,0,0
2019-12-23 11:19:00+01:00,197.09,197.1,197.09,197.09,0,0,0
2019-12-23 11:20:00+01:00,197.1,197.14,197.1,197.14,0,0,0
2019-12-23 11:21:00+01:00,197.12,197.12,197.11,197.11,0,0,0
2019-12-23 11:22:00+01:00,197.06,197.06,197.04,197.04,0,0,0
2019-12-23 11:23:00+01:00,197.07,197.07,197.04,197.04,0,0,0
2019-12-23 11:24:00+01:00,197.06,197.06,197.04,197.06,0,0,0
2019-12-23 11:25:00+01:00,197.06,197.06,197.06,197.06,0,0,0
2019-12-23 11:26:00+01:00,197.07,197.07,197.07,197.07,0,0,0
2019-12-23 11:27:00+01:00,197.05,197.08,197.05,197.08,0,0,0
2019-12-23 11:28:00+01:00,197.09,197.09,197.05,197.05,0,0,0
2019-12-23 11:29:00+01:00,197.07,197.07,197.06,197.06,0,0,0
2019-12-23 11:30:00+01:00,197.06,197.09,197.06,197.09,0,0,0
2019-12-23 11:31:00+01:00,197.06,197.07,197.06,197.06,0,0,0
2019-12-23 11:32:00+01:00,197.02,197.02,197.02,197.02,0,0,0
2019-12-23 11:33:00+01:00,197.02,197.04,197.02,197.04,0,0,0
2019-12-23 11:34:00+01:00,197.05,197.05,197.0,197.01,0,0,0
2019-12-23 11:35:00+01:00,197.03,197.03,196.93,196.93,0,0,0
2019-12-23 11:36:00+01:00,196.92,196.94,196.92,196.94,0,0,0
2019-12-23 11:37:00+01:00,196.96,196.96,196.95,196.96,0,0,0
2019-12-23 11:38:00+01:00,196.96,196.97,196.96,196.96,0,0,0
2019-12-23 11:39:00+01:00,196.96,196.96,196.95,196.95,0,0,0
2019-12-23 11:40:00+01:00,196.94,196.94,196.92,196.92,0,0,0
2019-12-23 11:41:00+01:00,196.91,196.92,196.91,196.91,0,0,0
2019-12-23 11:42:00+01:00,196.91,196.91,196.89,196.89,0,0,0
2019-12-23 11:43:00+01:00,196.88,196.89,196.86,196.86,0,0,0
2019-12-23 11:44:00+01:00,196.85,196.85,196.81,196.81,0,0,0
2019-12-23 11:45:00+01:00,196.83,196.83,196.79,196.79,0,0,0
2019-12-23 11:46:00+01:00,196.82,196.82,196.8,196.81,0,0,0
2019-12-23 11:47:00+01:00,196.76,196.79,196.76,196.79,0,0,0
2019-12-23 11:48:00+01:00,196.8,196.8,196.75,196.75,0,0,0
2019-12-23 11:49:00+01:00,196.76,196.76,196.53,196.53,0,0,0
2019-12-23 11:50:00+01:00,196.57,196.61,196.57,196.61,0,0,0
2019-12-23 11:51:00+01:00,196.67,196.67,196.6,196.6,0,0,0
2019-12-23 11:52:00+01:00,196.56,196.56,196.56,196.56,0,0,0
2019-12-23 11:53:00+01:00,196.59,196.59,196.55,196.55,0,0,0
2019-12-23 11:54:00+01:00,196.54,196.54,196.51,196.53,0,0,0
2019-12-23 11:55:00+01:00,196.63,196.66,196.63,196.66,0,0,0
2019-12-23 11:56:00+01:00,196.64,196.64,196.64,196.64,0,0,0
2019-12-23 11:57:00+01:00,196.68,196.7,196.65,196.7,0,0,0
2019-12-23 11:58:00+01:00,196.71,196.71,196.66,196.66,0,0,0
2019-12-23 11:59:00+01:00,196.65,196.68,196.65,196.66,0,0,0
2019-12-23 12:00:00+01:00,196.69,196.69,196.68,196.68,0,0,0
2019-12-23 12:01:00+01:00,196.7,196.71,196.7,196.71,0,0,0
2019-12-23 12:02:00+01:00,196.69,196.71,196.69,196.7,0,0,0
2019-12-23 12:03:00+01:00,196.68,196.69,196.66,196.66,0,0,0
2019-12-23 12:04:00+01:00,196.68,196.68,196.67,196.67,0,0,0
2019-12-23 12:05:00+01:00,196.66,196.68,196.66,196.68,0,0,0
2019-12-23 12:06:00+01:00,196.68,196.68,196.65,196.65,0,0,0
2019-12-23 12:07:00+01:00,196.65,196.65,196.61,196.61,0,0,0
2019-12-23 12:08:00+01:00,196.62,196.62,196.59,196.59,0,0,0
2019-12-23 12:09:00+01:00,196.52,196.52,196.5,196.5,0,0,0
2019-12-23 12:10:00+01:00,196.49,196.56,196.49,196.56,0,0,0
2019-12-23 12:11:00+01:00,196.53,196.56,196.53,196.56,0,0,0
2019-12-23 12:12:00+01:00,196.59,196.59,196.55,196.56,0,0,0
2019-12-23 12:13:00+01:00,196.56,196.56,196.53,196.53,0,0,0
2019-12-23 12:14:00+01:00,196.55,196.55,196.52,196.52,0,0,0
2019-12-23 12:15:00+01:00,196.53,196.54,196.53,196.53,0,0,0
2019-12-23 12:16:00+01:00,196.51,196.54,196.51,196.53,0,0,0
2019-12-23 12:17:00+01:00,196.53,196.55,196.53,196.55,0,0,0
2019-12-23 12:18:00+01:00,196.56,196.57,196.56,196.56,0,0,0
2019-12-23 12:19:00+01:00,196.58,196.58,196.57,196.57,0,0,0
2019-12-23 12:20:00+01:00,196.57,196.62,196.57,196.62,0,0,0
2019-12-23 12:21:00+01:00,196.58,196.6,196.58,196.6,0,0,0
2019-12-23 12:22:00+01:00,196.6,196.6,196.57,196.58,0,0,0
2019-12-23 12:23:00+01:00,196.59,196.6,196.58,196.58,0,0,0
2019-12-23 12:24:00+01:00,196.59,196.6,196.52,196.52,0,0,0
2019-12-23 12:25:00+01:00,196.53,196.54,196.53,196.54,0,0,0
2019-12-23 12:26:00+01:00,196.5,196.51,196.5,196.51,0,0,0
2019-12-23 12:27:00+01:00,196.5,196.51,196.5,196.51,0,0,0
2019-12-23 12:28:00+01:00,196.55,196.55,196.53,196.54,0,0,0
2019-12-23 12:29:00+01:00,196.53,196.55,196.52,196.52,0,0,0
2019-12-23 12:30:00+01:00,196.52,196.53,196.52,196.52,0,0,0
2019-12-23 12:31:00+01:00,196.53,196.55,196.53,196.55,0,0,0
2019-12-23 12:32:00+01:00,196.56,196.6,196.56,196.6,0,0,0
2019-12-23 12:33:00+01:00,196.6,196.63,196.6,196.63,0,0,0
2019-12-23 12:34:00+01:00,196.62,196.62,196.6,196.6,0,0,0
2019-12-23 12:35:00+01:00,196.58,196.63,196.58,196.63,0,0,0
2019-12-23 12:36:00+01:00,196.64,196.64,196.58,196.58,0,0,0
2019-12-23 12:37:00+01:00,196.64,196.64,196.64,196.64,0,0,0
2019-12-23 12:38:00+01:00,196.63,196.65,196.6,196.65,0,0,0
2019-12-23 12:39:00+01:00,196.64,196.66,196.64,196.66,0,0,0
2019-12-23 12:40:00+01:00,196.65,196.65,196.61,196.61,0,0,0
2019-12-23 12:41:00+01:00,196.6,196.6,196.51,196.54,0,0,0
2019-12-23 12:42:00+01:00,196.53,196.55,196.53,196.55,0,0,0
2019-12-23 12:43:00+01:00,196.59,196.6,196.59,196.6,0,0,0
2019-12-23 12:44:00+01:00,196.57,196.57,196.56,196.56,0,0,0
2019-12-23 12:45:00+01:00,196.61,196.63,196.61,196.63,0,0,0
2019-12-23 12:46:00+01:00,196.63,196.64,196.61,196.64,0,0,0
2019-12-23 12:47:00+01:00,196.63,196.63,196.6,196.6,0,0,0
2019-12-23 12:48:00+01:00,196.59,196.61,196.59,196.61,0,0,0
2019-12-23 12:49:00+01:00,196.6,196.64,196.6,196.64,0,0,0
2019-12-23 12:50:00+01:00,196.64,196.69,196.64,196.67,0,0,0
2019-12-23 12:51:00+01:00,196.64,196.65,196.63,196.63,0,0,0
2019-12-23 12:52:00+01:00,196.63,196.63,196.62,196.62,0,0,0
2019-12-23 12:53:00+01:00,196.63,196.63,196.61,196.61,0,0,0
2019-12-23 12:54:00+01:00,196.61,196.61,196.58,196.58,0,0,0
2019-12-23 12:55:00+01:00,196.56,196.61,196.56,196.61,0,0,0
2019-12-23 12:56:00+01:00,196.64,196.64,196.61,196.61,0,0,0
2019-12-23 12:57:00+01:00,196.67,196.69,196.67,196.69,0,0,0
2019-12-23 12:58:00+01:00,196.69,196.71,196.69,196.7,0,0,0
2019-12-23 12:59:00+01:00,196.67,196.72,196.66,196.72,0,0,0
2019-12-23 13:00:00+01:00,196.64,196.69,196.64,196.69,0,0,0
2019-12-23 13:01:00+01:00,196.69,196.71,196.68,196.68,0,0,0
2019-12-23 13:02:00+01:00,196.68,196.72,196.68,196.7,0,0,0
2019-12-23 13:03:00+01:00,196.71,196.71,196.69,196.69,0,0,0
2019-12-23 13:04:00+01:00,196.65,196.67,196.65,196.67,0,0,0
2019-12-23 13:05:00+01:00,196.63,196.65,196.63,196.63,0,0,0
2019-12-23 13:06:00+01:00,196.67,196.69,196.67,196.67,0,0,0
2019-12-23 13:07:00+01:00,196.66,196.66,196.62,196.62,0,0,0
2019-12-23 13:08:00+01:00,196.63,196.64,196.63,196.63,0,0,0
2019-12-23 13:09:00+01:00,196.64,196.65,196.64,196.64,0,0,0
2019-12-23 13:10:00+01:00,196.64,196.64,196.62,196.62,0,0,0
2019-12-23 13:11:00+01:00,196.64,196.7,196.64,196.7,0,0,0
2019-12-23 13:12:00+01:00,196.68,196.68,196.64,196.64,0,0,0
2019-12-23 13:13:00+01:00,196.62,196.66,196.62,196.66,0,0,0
2019-12-23 13:14:00+01:00,196.66,196.66,196.64,196.64,0,0,0
2019-12-23 13:15:00+01:00,196.64,196.64,196.61,196.63,0,0,0
2019-12-23 13:16:00+01:00,196.63,196.66,196.63,196.66,0,0,0
2019-12-23 13:17:00+01:00,196.68,196.72,196.66,196.72,0,0,0
2019-12-23 13:18:00+01:00,196.71,196.73,196.69,196.69,0,0,0
2019-12-23 13:19:00+01:00,196.71,196.71,196.68,196.7,0,0,0
2019-12-23 13:20:00+01:00,196.58,196.58,196.57,196.57,0,0,0
2019-12-23 13:21:00+01:00,196.6,196.6,196.56,196.57,0,0,0
2019-12-23 13:22:00+01:00,196.57,196.62,196.57,196.59,0,0,0
2019-12-23 13:23:00+01:00,196.53,196.53,196.47,196.47,0,0,0
2019-12-23 13:24:00+01:00,196.42,196.42,196.15,196.15,0,0,0
2019-12-23 13:25:00+01:00,196.21,196.22,196.21,196.22,0,0,0
2019-12-23 13:26:00+01:00,196.17,196.18,196.17,196.18,0,0,0
2019-12-23 13:27:00+01:00,196.24,196.25,196.24,196.25,0,0,0
2019-12-23 13:28:00+01:00,196.2,196.23,196.2,196.22,0,0,0
2019-12-23 13:29:00+01:00,196.21,196.24,196.21,196.24,0,0,0
2019-12-23 13:30:00+01:00,196.24,196.25,196.21,196.25,0,0,0
2019-12-23 13:31:00+01:00,196.28,196.29,196.27,196.27,0,0,0
2019-12-23 13:32:00+01:00,196.26,196.29,196.26,196.29,0,0,0
2019-12-23 13:33:00+01:00,196.29,196.32,196.29,196.3,0,0,0
2019-12-23 13:34:00+01:00,196.3,196.32,196.3,196.32,0,0,0
2019-12-23 13:35:00+01:00,196.21,196.23,196.21,196.22,0,0,0
2019-12-23 13:36:00+01:00,196.2,196.25,196.2,196.25,0,0,0
2019-12-23 13:37:00+01:00,196.19,196.23,196.19,196.23,0,0,0
2019-12-23 13:38:00+01:00,196.25,196.27,196.25,196.27,0,0,0
2019-12-23 13:39:00+01:00,196.27,196.27,196.22,196.22,0,0,0
2019-12-23 13:40:00+01:00,196.25,196.33,196.25,196.33,0,0,0
2019-12-23 13:41:00+01:00,196.25,196.3,196.25,196.3,0,0,0
2019-12-23 13:42:00+01:00,196.31,196.31,196.29,196.31,0,0,0
2019-12-23 13:43:00+01:00,196.32,196.32,196.31,196.31,0,0,0
2019-12-23 13:44:00+01:00,196.28,196.3,196.28,196.3,0,0,0
2019-12-23 13:45:00+01:00,196.33,196.33,196.31,196.31,0,0,0
2019-12-23 13:46:00+01:00,196.31,196.31,196.3,196.3,0,0,0
2019-12-23 13:47:00+01:00,196.3,196.32,196.3,196.3,0,0,0
2019-12-23 13:48:00+01:00,196.26,196.26,196.22,196.22,0,0,0
2019-12-23 13:49:00+01:00,196.23,196.23,196.22,196.22,0,0,0
2019-12-23 13:50:00+01:00,196.22,196.22,196.2,196.2,0,0,0
2019-12-23 13:51:00+01:00,196.21,196.21,196.15,196.16,0,0,0
2019-12-23 13:52:00+01:00,196.15,196.22,196.15,196.22,0,0,0
2019-12-23 13:53:00+01:00,196.15,196.15,196.1,196.12,0,0,0
2019-12-23 13:54:00+01:00,196.1,196.1,196.08,196.08,0,0,0
2019-12-23 13:55:00+01:00,196.08,196.08,196.07,196.07,0,0,0
2019-12-23 13:56:00+01:00,196.1,196.1,196.06,196.07,0,0,0
2019-12-23 13:57:00+01:00,196.07,196.07,196.07,196.07,0,0,0
2019-12-23 13:58:00+01:00,196.16,196.21,196.16,196.21,0,0,0
2019-12-23 13:59:00+01:00,196.19,196.19,196.18,196.19,0,0,0
2019-12-23 14:00:00+01:00,196.16,196.16,196.15,196.15,0,0,0
2019-12-23 14:01:00+01:00,196.17,196.17,196.17,196.17,0,0,0
2019-12-23 14:02:00+01:00,196.17,196.17,196.11,196.11,0,0,0
2019-12-23 14:03:00+01:00,196.11,196.14,196.11,196.14,0,0,0
2019-12-23 14:04:00+01:00,196.12,196.12,196.02,196.02,0,0,0
2019-12-23 14:05:00+01:00,196.03,196.03,195.98,195.98,0,0,0
2019-12-23 14:06:00+01:00,195.98,195.98,195.97,195.97,0,0,0
2019-12-23 14:07:00+01:00,195.98,195.99,195.98,195.99,0,0,0
2019-12-23 14:08:00+01:00,196.01,196.01,195.96,195.97,0,0,0
2019-12-23 14:09:00+01:00,195.94,195.94,195.87,195.87,0,0,0
2019-12-23 14:10:00+01:00,195.93,196.01,195.93,196.01,0,0,0
2019-12-23 14:11:00+01:00,195.98,195.98,195.98,195.98,0,0,0
2019-12-23 14:12:00+01:00,195.98,196.02,195.98,196.02,0,0,0
2019-12-23 14:13:00+01:00,196.02,196.02,195.99,195.99,0,0,0
2019-12-23 14:14:00+01:00,196.02,196.02,196.01,196.01,0,0,0
2019-12-23 14:15:00+01:00,196.0,196.0,195.99,195.99,0,0,0
2019-12-23 14:16:00+01:00,195.97,195.97,195.96,195.96,0,0,0
2019-12-23 14:17:00+01:00,196.0,196.0,195.96,195.96,0,0,0
2019-12-23 14:18:00+01:00,195.96,195.96,195.95,195.95,0,0,0
2019-12-23 14:19:00+01:00,195.95,195.95,195.92,195.92,0,0,0
2019-12-23 14:20:00+01:00,195.86,195.88,195.86,195.88,0,0,0
2019-12-23 14:21:00+01:00,195.85,195.88,195.85,195.88,0,0,0
2019-12-23 14:22:00+01:00,195.87,195.87,195.8,195.8,0,0,0
2019-12-23 14:23:00+01:00,195.82,195.83,195.82,195.83,0,0,0
2019-12-23 14:24:00+01:00,195.83,195.83,195.82,195.82,0,0,0
2019-12-23 14:25:00+01:00,195.83,195.84,195.83,195.84,0,0,0
2019-12-23 14:26:00+01:00,195.83,195.85,195.83,195.85,0,0,0
2019-12-23 14:27:00+01:00,195.89,195.89,195.88,195.89,0,0,0
2019-12-23 14:28:00+01:00,195.89,195.93,195.89,195.93,0,0,0
2019-12-23 14:29:00+01:00,195.9,195.94,195.9,195.94,0,0,0
2019-12-23 14:30:00+01:00,195.9,195.94,195.9,195.94,0,0,0
2019-12-23 14:31:00+01:00,195.89,195.92,195.89,195.92,0,0,0
2019-12-23 14:32:00+01:00,195.92,195.93,195.92,195.93,0,0,0
2019-12-23 14:33:00+01:00,195.9,195.9,195.89,195.89,0,0,0
2019-12-23 14:34:00+01:00,195.86,195.86,195.8,195.8,0,0,0
2019-12-23 14:35:00+01:00,195.8,195.85,195.8,195.85,0,0,0
2019-12-23 14:36:00+01:00,195.83,195.89,195.83,195.89,0,0,0
2019-12-23 14:37:00+01:00,195.91,195.91,195.9,195.9,0,0,0
2019-12-23 14:38:00+01:00,195.9,195.9,195.88,195.88,0,0,0
2019-12-23 14:39:00+01:00,195.9,195.96,195.9,195.96,0,0,0
2019-12-23 14:40:00+01:00,195.93,195.93,195.93,195.93,0,0,0
2019-12-23 14:41:00+01:00,195.93,195.93,195.92,195.92,0,0,0
2019-12-23 14:42:00+01:00,195.96,195.96,195.94,195.94,0,0,0
2019-12-23 14:43:00+01:00,195.94,195.96,195.94,195.95,0,0,0
2019-12-23 14:44:00+01:00,195.92,195.96,195.92,195.93,0,0,0
2019-12-23 14:45:00+01:00,195.92,195.92,195.9,195.9,0,0,0
2019-12-23 14:46:00+01:00,195.91,195.92,195.91,195.92,0,0,0
2019-12-23 14:47:00+01:00,195.93,195.96,195.93,195.96,0,0,0
2019-12-23 14:48:00+01:00,195.98,195.99,195.98,195.99,0,0,0
2019-12-23 14:49:00+01:00,195.97,196.04,195.97,196.04,0,0,0
2019-12-23 14:50:00+01:00,196.02,196.03,196.02,196.03,0,0,0
2019-12-23 14:51:00+01:00,196.0,196.01,196.0,196.01,0,0,0
2019-12-23 14:52:00+01:00,195.99,195.99,195.96,195.96,0,0,0
2019-12-23 14:53:00+01:00,195.99,195.99,195.98,195.98,0,0,0
2019-12-23 14:54:00+01:00,196.02,196.02,196.02,196.02,0,0,0
2019-12-23 14:55:00+01:00,196.03,196.04,196.03,196.04,0,0,0
2019-12-23 14:56:00+01:00,196.06,196.09,196.06,196.09,0,0,0
2019-12-23 14:57:00+01:00,196.04,196.06,196.04,196.06,0,0,0
2019-12-23 14:58:00+01:00,196.01,196.02,196.01,196.02,0,0,0
2019-12-23 14:59:00+01:00,196.02,196.05,196.02,196.05,0,0,0
2019-12-23 15:00:00+01:00,196.04,196.04,196.04,196.04,0,0,0
2019-12-23 15:01:00+01:00,196.04,196.04,196.02,196.02,0,0,0
2019-12-23 15:02:00+01:00,195.9,195.92,195.9,195.92,0,0,0
2019-12-23 15:03:00+01:00,195.92,195.96,195.92,195.96,0,0,0
2019-12-23 15:04:00+01:00,195.97,195.97,195.94,195.94,0,0,0
2019-12-23 15:05:00+01:00,195.96,196.01,195.96,196.01,0,0,0
2019-12-23 15:06:00+01:00,196.02,196.02,196.02,196.02,0,0,0
2019-12-23 15:07:00+01:00,196.02,196.02,196.02,196.02,0,0,0
2019-12-23 15:08:00+01:00,196.0,196.0,196.0,196.0,0,0,0
2019-12-23 15:09:00+01:00,195.98,196.01,195.98,196.01,0,0,0
2019-12-23 15:10:00+01:00,196.01,196.01,196.01,196.01,0,0,0
2019-12-23 15:11:00+01:00,195.97,195.98,195.97,195.98,0,0,0
2019-12-23 15:12:00+01:00,195.97,195.97,195.91,195.91,0,0,0
2019-12-23 15:13:00+01:00,195.9,195.9,195.87,195.87,0,0,0
2019-12-23 15:14:00+01:00,195.84,195.85,195.84,195.85,0,0,0
2019-12-23 15:15:00+01:00,195.84,195.92,195.84,195.92,0,0,0
2019-12-23 15:16:00+01:00,195.91,195.92,195.91,195.92,0,0,0
2019-12-23 15:18:00+01:00,195.89,195.89,195.89,195.89,0,0,0
2019-12-23 15:19:00+01:00,196.01,196.01,196.0,196.0,0,0,0
2019-12-23 15:20:00+01:00,196.03,196.05,196.03,196.05,0,0,0
2019-12-23 15:21:00+01:00,196.0,196.01,196.0,196.01,0,0,0
2019-12-23 15:22:00+01:00,195.96,195.99,195.96,195.99,0,0,0
2019-12-23 15:23:00+01:00,195.99,195.99,195.99,195.99,0,0,0
2019-12-23 15:24:00+01:00,196.0,196.02,196.0,196.02,0,0,0
2019-12-23 15:25:00+01:00,196.02,196.03,196.01,196.01,0,0,0
2019-12-23 15:26:00+01:00,196.01,196.02,196.01,196.02,0,0,0
2019-12-23 15:27:00+01:00,196.0,196.03,196.0,196.03,0,0,0
2019-12-23 15:28:00+01:00,196.0,196.0,195.97,195.97,0,0,0
2019-12-23 15:29:00+01:00,196.01,196.01,195.99,195.99,0,0,0
2019-12-23 15:30:00+01:00,196.0,196.01,196.0,196.01,0,0,0
2019-12-23 15:31:00+01:00,195.98,195.98,195.98,195.98,0,0,0
2019-12-23 15:32:00+01:00,195.97,195.97,195.96,195.96,0,0,0
2019-12-23 15:33:00+01:00,196.0,196.0,196.0,196.0,0,0,0
2019-12-23 15:34:00+01:00,196.01,196.01,196.01,196.01,0,0,0
2019-12-23 15:35:00+01:00,195.98,195.98,195.96,195.96,0,0,0
2019-12-23 15:36:00+01:00,195.98,195.98,195.98,195.98,0,0,0
2019-12-23 15:37:00+01:00,196.0,196.0,196.0,196.0,0,0,0
2019-12-23 15:38:00+01:00,196.01,196.02,196.01,196.02,0,0,0
2019-12-23 15:39:00+01:00,196.02,196.02,196.02,196.02,0,0,0
2019-12-23 15:40:00+01:00,196.01,196.01,196.01,196.01,0,0,0
2019-12-23 15:41:00+01:00,196.01,196.01,196.01,196.01,0,0,0
2019-12-23 15:42:00+01:00,196.03,196.03,196.03,196.03,0,0,0
2019-12-23 15:43:00+01:00,196.04,196.04,196.04,196.04,0,0,0
2019-12-23 15:44:00+01:00,195.96,195.96,195.95,195.95,0,0,0
2019-12-23 15:45:00+01:00,195.96,195.96,195.96,195.96,0,0,0
2019-12-23 15:46:00+01:00,195.97,196.02,195.97,196.02,0,0,0
2019-12-23 15:47:00+01:00,195.97,195.97,195.97,195.97,0,0,0
2019-12-23 15:48:00+01:00,195.97,195.97,195.97,195.97,0,0,0
2019-12-23 15:49:00+01:00,195.98,195.98,195.97,195.97,0,0,0
2019-12-23 15:50:00+01:00,195.99,195.99,195.99,195.99,0,0,0
2019-12-23 15:51:00+01:00,196.04,196.05,196.04,196.05,0,0,0
2019-12-23 15:52:00+01:00,196.06,196.06,196.02,196.02,0,0,0
2019-12-23 15:53:00+01:00,196.06,196.06,196.05,196.05,0,0,0
2019-12-23 15:54:00+01:00,196.05,196.05,196.05,196.05,0,0,0
2019-12-23 15:55:00+01:00,196.06,196.06,196.06,196.06,0,0,0
2019-12-23 15:56:00+01:00,196.07,196.08,196.07,196.08,0,0,0
2019-12-23 15:57:00+01:00,196.08,196.11,196.08,196.11,0,0,0
2019-12-23 15:58:00+01:00,196.1,196.1,196.07,196.07,0,0,0
2019-12-23 15:59:00+01:00,196.07,196.07,196.07,196.07,0,0,0
2019-12-23 16:00:00+01:00,196.03,196.06,196.03,196.06,0,0,0
2019-12-23 16:01:00+01:00,196.0,196.0,195.96,195.96,0,0,0
2019-12-23 16:02:00+01:00,195.99,195.99,195.94,195.94,0,0,0
2019-12-23 16:03:00+01:00,196.03,196.03,196.02,196.02,0,0,0
2019-12-23 16:04:00+01:00,195.98,195.99,195.98,195.99,0,0,0
2019-12-23 16:05:00+01:00,195.99,195.99,195.99,195.99,0,0,0
2019-12-23 16:06:00+01:00,196.01,196.03,196.01,196.03,0,0,0
2019-12-23 16:07:00+01:00,196.12,196.12,196.12,196.12,0,0,0
2019-12-23 16:08:00+01:00,196.18,196.18,196.17,196.17,0,0,0
2019-12-23 16:09:00+01:00,196.18,196.19,196.18,196.19,0,0,0
2019-12-23 16:10:00+01:00,196.31,196.31,196.3,196.3,0,0,0
2019-12-23 16:11:00+01:00,196.21,196.28,196.21,196.28,0,0,0
2019-12-23 16:12:00+01:00,196.24,196.24,196.2,196.2,0,0,0
2019-12-23 16:13:00+01:00,196.17,196.17,196.17,196.17,0,0,0
2019-12-23 16:14:00+01:00,196.19,196.19,196.16,196.16,0,0,0
2019-12-23 16:15:00+01:00,196.18,196.25,196.18,196.25,0,0,0
2019-12-23 16:16:00+01:00,196.17,196.17,196.16,196.16,0,0,0
2019-12-23 16:17:00+01:00,196.15,196.18,196.15,196.18,0,0,0
2019-12-23 16:18:00+01:00,196.14,196.17,196.14,196.17,0,0,0
2019-12-23 16:19:00+01:00,196.16,196.2,196.16,196.2,0,0,0
2019-12-23 16:20:00+01:00,196.19,196.19,196.1,196.1,0,0,0
2019-12-23 16:21:00+01:00,196.12,196.12,196.12,196.12,0,0,0
2019-12-23 16:22:00+01:00,196.14,196.14,196.11,196.11,0,0,0
2019-12-23 16:23:00+01:00,196.06,196.06,196.03,196.03,0,0,0
2019-12-23 16:24:00+01:00,196.07,196.07,196.06,196.06,0,0,0
2019-12-23 16:25:00+01:00,196.1,196.12,196.1,196.12,0,0,0
2019-12-23 16:26:00+01:00,196.15,196.15,196.1,196.1,0,0,0
2019-12-23 16:27:00+01:00,196.11,196.11,196.08,196.08,0,0,0
2019-12-23 16:28:00+01:00,196.09,196.09,196.08,196.08,0,0,0
2019-12-23 16:29:00+01:00,196.09,196.1,196.09,196.1,0,0,0
2019-12-23 16:30:00+01:00,196.04,196.04,196.02,196.02,0,0,0
2019-12-23 16:31:00+01:00,196.03,196.03,196.01,196.01,0,0,0
2019-12-23 16:32:00+01:00,196.03,196.03,196.01,196.01,0,0,0
2019-12-23 16:33:00+01:00,196.05,196.05,196.0,196.0,0,0,0
2019-12-23 16:34:00+01:00,196.05,196.05,196.02,196.02,0,0,0
2019-12-23 16:35:00+01:00,196.02,196.04,196.02,196.04,0,0,0
2019-12-23 16:36:00+01:00,196.05,196.07,196.05,196.07,0,0,0
2019-12-23 16:37:00+01:00,196.07,196.07,196.04,196.04,0,0,0
2019-12-23 16:38:00+01:00,196.07,196.07,196.06,196.06,0,0,0
2019-12-23 16:39:00+01:00,196.03,196.03,196.0,196.0,0,0,0
2019-12-23 16:40:00+01:00,196.01,196.01,196.01,196.01,0,0,0
2019-12-23 16:41:00+01:00,196.03,196.03,196.03,196.03,0,0,0
2019-12-23 16:42:00+01:00,196.04,196.07,196.04,196.07,0,0,0
2019-12-23 16:43:00+01:00,196.09,196.1,196.09,196.1,0,0,0
2019-12-23 16:44:00+01:00,196.09,196.09,196.05,196.05,0,0,0
2019-12-23 16:45:00+01:00,196.04,196.04,195.96,195.96,0,0,0
2019-12-23 16:46:00+01:00,195.95,195.95,195.92,195.92,0,0,0
2019-12-23 16:47:00+01:00,195.91,195.97,195.91,195.97,0,0,0
2019-12-23 16:48:00+01:00,195.92,195.92,195.91,195.91,0,0,0
2019-12-23 16:49:00+01:00,195.95,195.95,195.93,195.93,0,0,0
2019-12-23 16:50:00+01:00,195.94,195.94,195.9,195.9,0,0,0
2019-12-23 16:51:00+01:00,195.86,195.86,195.86,195.86,0,0,0
2019-12-23 16:54:00+01:00,195.75,195.75,195.74,195.74,0,0,0
2019-12-23 16:55:00+01:00,195.73,195.73,195.72,195.72,0,0,0
2019-12-23 16:56:00+01:00,195.7,195.7,195.63,195.63,0,0,0
2019-12-23 16:57:00+01:00,195.66,195.66,195.64,195.64,0,0,0
2019-12-23 16:58:00+01:00,195.66,195.71,195.66,195.71,0,0,0
2019-12-23 16:59:00+01:00,195.76,195.76,195.67,195.67,0,0,0
2019-12-23 17:00:00+01:00,195.68,195.68,195.67,195.67,0,0,0
2019-12-23 17:01:00+01:00,195.68,195.68,195.66,195.66,0,0,0
2019-12-23 17:02:00+01:00,195.59,195.59,195.59,195.59,0,0,0
2019-12-23 17:03:00+01:00,195.61,195.63,195.61,195.63,0,0,0
2019-12-23 17:04:00+01:00,195.65,195.65,195.59,195.59,0,0,0
2019-12-23 17:05:00+01:00,195.63,195.63,195.63,195.63,0,0,0
2019-12-23 17:06:00+01:00,195.61,195.61,195.61,195.61,0,0,0
2019-12-23 17:07:00+01:00,195.61,195.61,195.59,195.59,0,0,0
2019-12-23 17:08:00+01:00,195.6,195.6,195.59,195.59,0,0,0
2019-12-23 17:09:00+01:00,195.56,195.56,195.53,195.53,0,0,0
2019-12-23 17:10:00+01:00,195.54,195.54,195.54,195.54,0,0,0
2019-12-23 17:11:00+01:00,195.54,195.54,195.5,195.5,0,0,0
2019-12-23 17:12:00+01:00,195.51,195.51,195.5,195.5,0,0,0
2019-12-23 17:13:00+01:00,195.49,195.49,195.46,195.46,0,0,0
2019-12-23 17:14:00+01:00,195.4,195.4,195.39,195.39,0,0,0
2019-12-23 17:15:00+01:00,195.36,195.37,195.36,195.37,0,0,0
2019-12-23 17:18:00+01:00,195.41,195.41,195.41,195.41,0,0,0
2019-12-23 17:21:00+01:00,195.44,195.44,195.44,195.44,0,0,0
2019-12-23 17:22:00+01:00,195.52,195.52,195.52,195.52,0,0,0
2019-12-23 17:25:00+01:00,195.64,195.64,195.64,195.64,0,0,0
2019-12-23 17:26:00+01:00,195.64,195.64,195.6,195.6,0,0,0
2019-12-23 17:27:00+01:00,195.57,195.57,195.56,195.56,0,0,0
2019-12-23 17:28:00+01:00,195.54,195.55,195.54,195.55,0,0,0
2019-12-23 17:29:00+01:00,195.56,195.57,195.56,195.57,0,0,0
2019-12-23 17:00:00+01:00,195.68,195.68,195.67,195.67,0,0,0
2019-12-23 17:01:00+01:00,195.68,195.68,195.66,195.66,0,0,0
2019-12-23 17:02:00+01:00,195.59,195.59,195.59,195.59,0,0,0
2019-12-23 17:03:00+01:00,195.61,195.63,195.61,195.63,0,0,0
2019-12-23 17:04:00+01:00,195.65,195.65,195.59,195.59,0,0,0
2019-12-23 17:05:00+01:00,195.63,195.63,195.63,195.63,0,0,0
2019-12-23 17:06:00+01:00,195.61,195.61,195.61,195.61,0,0,0
2019-12-23 17:07:00+01:00,195.61,195.61,195.59,195.59,0,0,0
2019-12-23 17:08:00+01:00,195.6,195.6,195.59,195.59,0,0,0
2019-12-23 17:09:00+01:00,195.56,195.56,195.53,195.53,0,0,0
2019-12-23 17:10:00+01:00,195.54,195.54,195.54,195.54,0,0,0
2019-12-23 17:11:00+01:00,195.54,195.54,195.5,195.5,0,0,0
2019-12-23 17:12:00+01:00,195.51,195.51,195.5,195.5,0,0,0
2019-12-23 17:13:00+01:00,195.49,195.49,195.46,195.46,0,0,0
2019-12-23 17:14:00+01:00,195.4,195.4,195.39,195.39,0,0,0
2019-12-23 17:15:00+01:00,195.36,195.37,195.36,195.37,0,0,0
2019-12-23 17:18:00+01:00,195.41,195.41,195.41,195.41,0,0,0
2019-12-23 17:21:00+01:00,195.44,195.44,195.44,195.44,0,0,0
2019-12-23 17:22:00+01:00,195.52,195.52,195.52,195.52,0,0,0
2019-12-23 17:25:00+01:00,195.64,195.64,195.64,195.64,0,0,0
2019-12-23 17:26:00+01:00,195.64,195.64,195.6,195.6,0,0,0
2019-12-23 17:27:00+01:00,195.57,195.57,195.56,195.56,0,0,0
2019-12-23 17:28:00+01:00,195.54,195.55,195.54,195.55,0,0,0
2019-12-23 17:29:00+01:00,195.56,195.57,195.56,195.57,0,0,0
2019-12-27 09:00:00+01:00,197.46,197.47,197.46,197.47,0,0,0
2019-12-27 09:01:00+01:00,197.51,197.53,197.51,197.53,0,0,0
2019-12-27 09:02:00+01:00,197.48,197.48,197.38,197.38,0,0,0
2019-12-27 09:03:00+01:00,197.38,197.38,197.35,197.35,0,0,0
2019-12-27 09:04:00+01:00,197.34,197.34,197.32,197.32,0,0,0
2019-12-27 09:05:00+01:00,197.29,197.32,197.29,197.32,0,0,0
2019-12-27 09:06:00+01:00,197.31,197.31,197.31,197.31,0,0,0
2019-12-27 09:07:00+01:00,197.31,197.31,197.28,197.28,0,0,0
2019-12-27 09:08:00+01:00,197.28,197.28,197.25,197.25,0,0,0
2019-12-27 09:09:00+01:00,197.34,197.34,197.34,197.34,0,0,0
2019-12-27 09:10:00+01:00,197.35,197.35,197.34,197.34,0,0,0
2019-12-27 09:11:00+01:00,197.33,197.33,197.28,197.28,0,0,0
2019-12-27 09:12:00+01:00,197.28,197.28,197.25,197.25,0,0,0
2019-12-27 09:13:00+01:00,197.26,197.26,197.26,197.26,0,0,0
2019-12-27 09:14:00+01:00,197.24,197.25,197.24,197.25,0,0,0
2019-12-27 09:15:00+01:00,197.25,197.26,197.25,197.26,0,0,0
2019-12-27 09:16:00+01:00,197.24,197.24,197.22,197.22,0,0,0
2019-12-27 09:17:00+01:00,197.2,197.21,197.2,197.21,0,0,0
2019-12-27 09:18:00+01:00,197.15,197.15,197.12,197.12,0,0,0
2019-12-27 09:19:00+01:00,197.13,197.13,197.08,197.08,0,0,0
2019-12-27 09:20:00+01:00,197.12,197.13,197.12,197.13,0,0,0
2019-12-27 09:21:00+01:00,197.14,197.14,197.13,197.13,0,0,0
2019-12-27 09:22:00+01:00,197.25,197.25,197.25,197.25,0,0,0
2019-12-27 09:23:00+01:00,197.28,197.28,197.27,197.27,0,0,0
2019-12-27 09:24:00+01:00,197.28,197.31,197.28,197.31,0,0,0
2019-12-27 09:25:00+01:00,197.34,197.34,197.34,197.34,0,0,0
2019-12-27 09:26:00+01:00,197.32,197.42,197.32,197.42,0,0,0
2019-12-27 09:27:00+01:00,197.41,197.41,197.41,197.41,0,0,0
2019-12-27 09:28:00+01:00,197.37,197.37,197.35,197.35,0,0,0
2019-12-27 09:29:00+01:00,197.34,197.34,197.32,197.32,0,0,0
2019-12-27 09:30:00+01:00,197.32,197.35,197.32,197.35,0,0,0
2019-12-27 09:31:00+01:00,197.36,197.38,197.36,197.38,0,0,0
2019-12-27 09:32:00+01:00,197.38,197.38,197.38,197.38,0,0,0
2019-12-27 09:33:00+01:00,197.38,197.38,197.36,197.36,0,0,0
2019-12-27 09:34:00+01:00,197.36,197.37,197.36,197.37,0,0,0
2019-12-27 09:35:00+01:00,197.39,197.39,197.38,197.38,0,0,0
2019-12-27 09:36:00+01:00,197.39,197.41,197.39,197.41,0,0,0
2019-12-27 09:37:00+01:00,197.42,197.52,197.42,197.52,0,0,0
2019-12-27 09:38:00+01:00,197.5,197.52,197.5,197.52,0,0,0
2019-12-27 09:39:00+01:00,197.51,197.51,197.5,197.5,0,0,0
2019-12-27 09:40:00+01:00,197.5,197.5,197.48,197.48,0,0,0
2019-12-27 09:41:00+01:00,197.54,197.56,197.54,197.56,0,0,0
2019-12-27 09:42:00+01:00,197.72,197.72,197.72,197.72,0,0,0
2019-12-27 09:43:00+01:00,197.74,197.74,197.73,197.73,0,0,0
2019-12-27 09:44:00+01:00,197.75,197.76,197.75,197.76,0,0,0
2019-12-27 09:45:00+01:00,197.82,197.82,197.81,197.81,0,0,0
2019-12-27 09:46:00+01:00,197.8,197.82,197.8,197.82,0,0,0
2019-12-27 09:47:00+01:00,197.83,197.83,197.83,197.83,0,0,0
2019-12-27 09:48:00+01:00,197.81,197.81,197.76,197.76,0,0,0
2019-12-27 09:49:00+01:00,197.76,197.82,197.76,197.82,0,0,0
2019-12-27 09:50:00+01:00,197.83,197.83,197.83,197.83,0,0,0
2019-12-27 09:51:00+01:00,197.82,197.82,197.8,197.8,0,0,0
2019-12-27 09:52:00+01:00,197.8,197.8,197.8,197.8,0,0,0
2019-12-27 09:53:00+01:00,197.84,197.84,197.82,197.82,0,0,0
2019-12-27 09:54:00+01:00,197.84,197.92,197.84,197.92,0,0,0
2019-12-27 09:55:00+01:00,198.09,198.12,198.09,198.12,0,0,0
2019-12-27 09:56:00+01:00,198.06,198.06,198.04,198.04,0,0,0
2019-12-27 09:57:00+01:00,198.06,198.07,198.06,198.07,0,0,0
2019-12-27 09:58:00+01:00,198.04,198.04,198.04,198.04,0,0,0
2019-12-27 09:59:00+01:00,198.04,198.04,198.04,198.04,0,0,0
2019-12-27 10:00:00+01:00,198.03,198.03,197.99,197.99,0,0,0
2019-12-27 10:01:00+01:00,197.96,197.98,197.96,197.98,0,0,0
2019-12-27 10:02:00+01:00,197.97,198.01,197.97,198.01,0,0,0
2019-12-27 10:03:00+01:00,198.04,198.04,198.02,198.02,0,0,0
2019-12-27 10:04:00+01:00,198.0,198.03,198.0,198.03,0,0,0
2019-12-27 10:05:00+01:00,198.01,198.01,198.01,198.01,0,0,0
2019-12-27 10:06:00+01:00,198.04,198.06,198.04,198.06,0,0,0
2019-12-27 10:07:00+01:00,198.1,198.1,198.08,198.08,0,0,0
2019-12-27 10:08:00+01:00,198.11,198.11,198.1,198.1,0,0,0
2019-12-27 10:09:00+01:00,198.14,198.15,198.14,198.15,0,0,0
2019-12-27 10:10:00+01:00,198.07,198.07,198.07,198.07,0,0,0
2019-12-27 10:11:00+01:00,198.1,198.1,198.09,198.09,0,0,0
2019-12-27 10:12:00+01:00,198.1,198.1,198.1,198.1,0,0,0
2019-12-27 10:13:00+01:00,198.05,198.05,198.02,198.02,0,0,0
2019-12-27 10:14:00+01:00,198.01,198.01,197.99,197.99,0,0,0
2019-12-27 10:15:00+01:00,198.01,198.01,197.97,197.97,0,0,0
2019-12-27 10:16:00+01:00,198.0,198.01,198.0,198.01,0,0,0
2019-12-27 10:17:00+01:00,198.0,198.0,198.0,198.0,0,0,0
2019-12-27 10:18:00+01:00,197.95,197.95,197.93,197.93,0,0,0
2019-12-27 10:19:00+01:00,197.92,197.95,197.92,197.95,0,0,0
2019-12-27 10:20:00+01:00,197.98,197.98,197.95,197.95,0,0,0
2019-12-27 10:21:00+01:00,197.96,197.99,197.96,197.99,0,0,0
2019-12-27 10:22:00+01:00,198.04,198.09,198.04,198.09,0,0,0
2019-12-27 10:23:00+01:00,197.94,197.94,197.94,197.94,0,0,0
2019-12-27 10:24:00+01:00,197.98,197.98,197.98,197.98,0,0,0
2019-12-27 10:25:00+01:00,198.01,198.01,197.98,197.98,0,0,0
2019-12-27 10:26:00+01:00,197.97,197.97,197.96,197.96,0,0,0
2019-12-27 10:27:00+01:00,198.01,198.03,198.01,198.03,0,0,0
2019-12-27 10:28:00+01:00,197.99,197.99,197.98,197.98,0,0,0
2019-12-27 10:29:00+01:00,197.95,197.99,197.95,197.99,0,0,0
2019-12-27 10:30:00+01:00,197.97,198.0,197.97,198.0,0,0,0
2019-12-27 10:31:00+01:00,197.98,198.0,197.98,198.0,0,0,0
2019-12-27 10:32:00+01:00,197.99,197.99,197.99,197.99,0,0,0
2019-12-27 10:34:00+01:00,198.04,198.05,198.04,198.05,0,0,0
2019-12-27 10:35:00+01:00,198.02,198.02,197.99,197.99,0,0,0
2019-12-27 10:36:00+01:00,198.0,198.0,197.99,197.99,0,0,0
2019-12-27 10:37:00+01:00,197.98,197.98,197.98,197.98,0,0,0
2019-12-27 10:38:00+01:00,198.0,198.02,198.0,198.02,0,0,0
2019-12-27 10:39:00+01:00,198.0,198.0,197.98,197.98,0,0,0
2019-12-27 10:40:00+01:00,198.0,198.0,198.0,198.0,0,0,0
2019-12-27 10:41:00+01:00,197.98,197.98,197.98,197.98,0,0,0
2019-12-27 10:42:00+01:00,198.02,198.02,198.01,198.01,0,0,0
2019-12-27 10:43:00+01:00,198.02,198.02,197.99,197.99,0,0,0
2019-12-27 10:44:00+01:00,198.02,198.02,198.02,198.02,0,0,0
2019-12-27 10:45:00+01:00,198.02,198.02,198.02,198.02,0,0,0
2019-12-27 10:46:00+01:00,198.01,198.01,198.01,198.01,0,0,0
2019-12-27 10:47:00+01:00,198.06,198.08,198.06,198.08,0,0,0
2019-12-27 10:48:00+01:00,198.08,198.08,198.06,198.06,0,0,0
2019-12-27 10:49:00+01:00,198.05,198.06,198.05,198.06,0,0,0
2019-12-27 10:50:00+01:00,198.07,198.07,198.06,198.06,0,0,0
2019-12-27 10:51:00+01:00,198.05,198.07,198.05,198.07,0,0,0
2019-12-27 10:52:00+01:00,198.06,198.06,198.06,198.06,0,0,0
2019-12-27 10:53:00+01:00,198.07,198.07,198.06,198.06,0,0,0
2019-12-27 10:54:00+01:00,198.04,198.06,198.04,198.06,0,0,0
2019-12-27 10:55:00+01:00,198.07,198.09,198.07,198.09,0,0,0
2019-12-27 10:56:00+01:00,198.13,198.13,198.13,198.13,0,0,0
2019-12-27 10:57:00+01:00,198.09,198.09,198.09,198.09,0,0,0
2019-12-27 10:58:00+01:00,198.11,198.14,198.11,198.14,0,0,0
2019-12-27 10:59:00+01:00,198.15,198.15,198.14,198.14,0,0,0
2019-12-27 11:00:00+01:00,198.13,198.13,198.11,198.11,0,0,0
2019-12-27 11:01:00+01:00,198.12,198.12,198.1,198.1,0,0,0
2019-12-27 11:02:00+01:00,198.08,198.09,198.08,198.09,0,0,0
2019-12-27 11:03:00+01:00,198.08,198.1,198.08,198.1,0,0,0
2019-12-27 11:04:00+01:00,198.1,198.12,198.1,198.1,0,0,0
2019-12-27 11:05:00+01:00,198.13,198.13,198.1,198.1,0,0,0
2019-12-27 11:06:00+01:00,198.09,198.12,198.09,198.11,0,0,0
2019-12-27 11:07:00+01:00,198.08,198.09,198.08,198.08,0,0,0
2019-12-27 11:08:00+01:00,198.09,198.09,198.07,198.07,0,0,0
2019-12-27 11:09:00+01:00,198.06,198.06,198.06,198.06,0,0,0
2019-12-27 11:10:00+01:00,198.04,198.04,198.02,198.02,0,0,0
2019-12-27 11:11:00+01:00,198.01,198.01,198.01,198.01,0,0,0
2019-12-27 11:12:00+01:00,197.96,197.96,197.93,197.93,0,0,0
2019-12-27 11:13:00+01:00,197.94,197.97,197.94,197.97,0,0,0
2019-12-27 11:14:00+01:00,198.0,198.0,197.97,197.97,0,0,0
2019-12-27 11:15:00+01:00,197.98,198.0,197.98,198.0,0,0,0
2019-12-27 11:16:00+01:00,197.99,197.99,197.99,197.99,0,0,0
2019-12-27 11:17:00+01:00,197.99,198.0,197.99,198.0,0,0,0
2019-12-27 11:18:00+01:00,197.97,197.97,197.96,197.96,0,0,0
2019-12-27 11:19:00+01:00,198.0,198.0,197.96,197.96,0,0,0
2019-12-27 11:20:00+01:00,197.96,197.98,197.96,197.97,0,0,0
2019-12-27 11:21:00+01:00,197.99,197.99,197.97,197.97,0,0,0
2019-12-27 11:22:00+01:00,198.01,198.01,197.97,197.97,0,0,0
2019-12-27 11:23:00+01:00,197.97,197.99,197.97,197.97,0,0,0
2019-12-27 11:24:00+01:00,197.97,197.98,197.96,197.96,0,0,0
2019-12-27 11:25:00+01:00,197.96,197.98,197.96,197.96,0,0,0
2019-12-27 11:26:00+01:00,197.97,197.98,197.97,197.98,0,0,0
2019-12-27 11:27:00+01:00,198.0,198.0,197.99,197.99,0,0,0
2019-12-27 11:28:00+01:00,198.01,198.01,197.97,197.97,0,0,0
2019-12-27 11:29:00+01:00,197.97,197.97,197.93,197.93,0,0,0
2019-12-27 11:30:00+01:00,197.94,197.94,197.93,197.93,0,0,0
2019-12-27 11:31:00+01:00,197.92,197.95,197.92,197.92,0,0,0
2019-12-27 11:32:00+01:00,197.93,197.93,197.89,197.89,0,0,0
2019-12-27 11:33:00+01:00,197.88,197.91,197.88,197.91,0,0,0
2019-12-27 11:34:00+01:00,197.92,197.93,197.91,197.93,0,0,0
2019-12-27 11:35:00+01:00,197.92,197.94,197.9,197.94,0,0,0
2019-12-27 11:36:00+01:00,197.94,197.96,197.94,197.96,0,0,0
2019-12-27 11:37:00+01:00,197.94,197.94,197.92,197.92,0,0,0
2019-12-27 11:38:00+01:00,197.92,197.98,197.92,197.98,0,0,0
2019-12-27 11:39:00+01:00,197.98,197.98,197.97,197.97,0,0,0
2019-12-27 11:40:00+01:00,198.0,198.0,197.98,197.98,0,0,0
2019-12-27 11:41:00+01:00,198.0,198.0,197.98,197.99,0,0,0
2019-12-27 11:42:00+01:00,197.95,197.95,197.89,197.89,0,0,0
2019-12-27 11:43:00+01:00,197.87,197.9,197.87,197.9,0,0,0
2019-12-27 11:44:00+01:00,197.92,197.92,197.9,197.91,0,0,0
2019-12-27 11:45:00+01:00,197.91,197.91,197.89,197.89,0,0,0
2019-12-27 11:46:00+01:00,197.91,197.91,197.91,197.91,0,0,0
2019-12-27 11:47:00+01:00,197.91,197.91,197.9,197.9,0,0,0
2019-12-27 11:48:00+01:00,197.89,197.89,197.88,197.88,0,0,0
2019-12-27 11:49:00+01:00,197.89,197.89,197.85,197.85,0,0,0
2019-12-27 11:50:00+01:00,197.86,197.86,197.86,197.86,0,0,0
2019-12-27 11:51:00+01:00,197.87,197.9,197.87,197.9,0,0,0
2019-12-27 11:52:00+01:00,197.91,197.92,197.91,197.92,0,0,0
2019-12-27 11:53:00+01:00,197.91,197.91,197.91,197.91,0,0,0
2019-12-27 11:54:00+01:00,197.88,197.88,197.88,197.88,0,0,0
2019-12-27 11:55:00+01:00,197.89,197.92,197.89,197.92,0,0,0
2019-12-27 11:56:00+01:00,197.92,197.94,197.92,197.94,0,0,0
2019-12-27 11:57:00+01:00,197.92,197.96,197.92,197.96,0,0,0
2019-12-27 11:58:00+01:00,197.96,197.96,197.95,197.95,0,0,0
2019-12-27 11:59:00+01:00,197.99,198.03,197.99,198.03,0,0,0
2019-12-27 12:00:00+01:00,198.03,198.04,198.03,198.04,0,0,0
2019-12-27 12:01:00+01:00,198.03,198.04,197.98,197.98,0,0,0
2019-12-27 12:02:00+01:00,197.98,197.98,197.96,197.98,0,0,0
2019-12-27 12:03:00+01:00,197.96,197.96,197.96,197.96,0,0,0
2019-12-27 12:04:00+01:00,197.95,198.0,197.95,198.0,0,0,0
2019-12-27 12:05:00+01:00,198.0,198.02,198.0,198.01,0,0,0
2019-12-27 12:06:00+01:00,198.01,198.02,198.01,198.02,0,0,0
2019-12-27 12:07:00+01:00,198.01,198.06,198.01,198.06,0,0,0
2019-12-27 12:08:00+01:00,198.05,198.07,198.05,198.07,0,0,0
2019-12-27 12:09:00+01:00,198.07,198.1,198.07,198.1,0,0,0
2019-12-27 12:10:00+01:00,198.09,198.09,198.08,198.08,0,0,0
2019-12-27 12:11:00+01:00,198.09,198.1,198.08,198.08,0,0,0
2019-12-27 12:12:00+01:00,198.14,198.15,198.14,198.14,0,0,0
2019-12-27 12:13:00+01:00,198.14,198.14,198.14,198.14,0,0,0
2019-12-27 12:14:00+01:00,198.12,198.12,198.09,198.09,0,0,0
2019-12-27 12:15:00+01:00,198.13,198.14,198.13,198.14,0,0,0
2019-12-27 12:16:00+01:00,198.13,198.15,198.13,198.14,0,0,0
2019-12-27 12:17:00+01:00,198.16,198.19,198.16,198.19,0,0,0
2019-12-27 12:18:00+01:00,198.22,198.22,198.19,198.19,0,0,0
2019-12-27 12:19:00+01:00,198.2,198.23,198.2,198.21,0,0,0
2019-12-27 12:20:00+01:00,198.2,198.2,198.12,198.12,0,0,0
2019-12-27 12:21:00+01:00,198.14,198.15,198.13,198.13,0,0,0
2019-12-27 12:22:00+01:00,198.16,198.16,198.13,198.14,0,0,0
2019-12-27 12:23:00+01:00,198.14,198.17,198.14,198.17,0,0,0
2019-12-27 12:24:00+01:00,198.18,198.18,198.18,198.18,0,0,0
2019-12-27 12:25:00+01:00,198.19,198.19,198.18,198.18,0,0,0
2019-12-27 12:26:00+01:00,198.19,198.2,198.19,198.2,0,0,0
2019-12-27 12:27:00+01:00,198.2,198.21,198.2,198.21,0,0,0
2019-12-27 12:28:00+01:00,198.22,198.22,198.18,198.18,0,0,0
2019-12-27 12:29:00+01:00,198.17,198.18,198.17,198.17,0,0,0
2019-12-27 12:30:00+01:00,198.16,198.18,198.16,198.17,0,0,0
2019-12-27 12:31:00+01:00,198.2,198.2,198.19,198.2,0,0,0
2019-12-27 12:32:00+01:00,198.19,198.19,198.17,198.18,0,0,0
2019-12-27 12:33:00+01:00,198.13,198.13,198.12,198.13,0,0,0
2019-12-27 12:34:00+01:00,198.13,198.14,198.12,198.14,0,0,0
2019-12-27 12:35:00+01:00,198.15,198.16,198.15,198.16,0,0,0
2019-12-27 12:36:00+01:00,198.15,198.16,198.15,198.16,0,0,0
2019-12-27 12:37:00+01:00,198.16,198.17,198.16,198.17,0,0,0
2019-12-27 12:38:00+01:00,198.16,198.2,198.16,198.17,0,0,0
2019-12-27 12:39:00+01:00,198.19,198.19,198.16,198.16,0,0,0
2019-12-27 12:40:00+01:00,198.17,198.17,198.14,198.14,0,0,0
2019-12-27 12:41:00+01:00,198.16,198.16,198.11,198.11,0,0,0
2019-12-27 12:42:00+01:00,198.1,198.11,198.1,198.11,0,0,0
2019-12-27 12:43:00+01:00,198.11,198.12,198.1,198.12,0,0,0
2019-12-27 12:44:00+01:00,198.1,198.1,198.1,198.1,0,0,0
2019-12-27 12:45:00+01:00,198.1,198.11,198.1,198.11,0,0,0
2019-12-27 12:46:00+01:00,198.11,198.12,198.1,198.12,0,0,0
2019-12-27 12:47:00+01:00,198.12,198.16,198.1,198.15,0,0,0
2019-12-27 12:48:00+01:00,198.14,198.16,198.14,198.16,0,0,0
2019-12-27 12:49:00+01:00,198.17,198.17,198.17,198.17,0,0,0
2019-12-27 12:50:00+01:00,198.13,198.13,198.12,198.13,0,0,0
2019-12-27 12:51:00+01:00,198.14,198.14,198.14,198.14,0,0,0
2019-12-27 12:52:00+01:00,198.16,198.16,198.12,198.13,0,0,0
2019-12-27 12:53:00+01:00,198.13,198.14,198.13,198.13,0,0,0
2019-12-27 12:54:00+01:00,198.13,198.15,198.11,198.11,0,0,0
2019-12-27 12:55:00+01:00,198.13,198.14,198.12,198.12,0,0,0
2019-12-27 12:56:00+01:00,198.11,198.11,198.1,198.1,0,0,0
2019-12-27 12:57:00+01:00,198.11,198.15,198.11,198.15,0,0,0
2019-12-27 12:58:00+01:00,198.17,198.17,198.15,198.16,0,0,0
2019-12-27 12:59:00+01:00,198.16,198.24,198.16,198.24,0,0,0
2019-12-27 13:00:00+01:00,198.23,198.32,198.23,198.32,0,0,0
2019-12-27 13:01:00+01:00,198.32,198.33,198.31,198.31,0,0,0
2019-12-27 13:02:00+01:00,198.29,198.29,198.29,198.29,0,0,0
2019-12-27 13:03:00+01:00,198.32,198.32,198.32,198.32,0,0,0
2019-12-27 13:04:00+01:00,198.34,198.35,198.34,198.35,0,0,0
2019-12-27 13:05:00+01:00,198.34,198.37,198.34,198.37,0,0,0
2019-12-27 13:06:00+01:00,198.33,198.37,198.33,198.36,0,0,0
2019-12-27 13:07:00+01:00,198.38,198.38,198.36,198.38,0,0,0
2019-12-27 13:08:00+01:00,198.45,198.45,198.4,198.4,0,0,0
2019-12-27 13:09:00+01:00,198.46,198.5,198.46,198.49,0,0,0
2019-12-27 13:10:00+01:00,198.5,198.5,198.5,198.5,0,0,0
2019-12-27 13:11:00+01:00,198.41,198.41,198.4,198.4,0,0,0
2019-12-27 13:12:00+01:00,198.39,198.39,198.37,198.37,0,0,0
2019-12-27 13:13:00+01:00,198.36,198.4,198.36,198.4,0,0,0
2019-12-27 13:14:00+01:00,198.39,198.39,198.39,198.39,0,0,0
2019-12-27 13:15:00+01:00,198.39,198.48,198.39,198.44,0,0,0
2019-12-27 13:16:00+01:00,198.43,198.43,198.43,198.43,0,0,0
2019-12-27 13:17:00+01:00,198.42,198.43,198.41,198.42,0,0,0
2019-12-27 13:18:00+01:00,198.42,198.43,198.4,198.43,0,0,0
2019-12-27 13:19:00+01:00,198.43,198.43,198.43,198.43,0,0,0
2019-12-27 13:20:00+01:00,198.43,198.46,198.43,198.46,0,0,0
2019-12-27 13:21:00+01:00,198.42,198.53,198.42,198.52,0,0,0
2019-12-27 13:22:00+01:00,198.52,198.6,198.52,198.59,0,0,0
2019-12-27 13:23:00+01:00,198.6,198.62,198.6,198.62,0,0,0
2019-12-27 13:24:00+01:00,198.61,198.62,198.6,198.6,0,0,0
2019-12-27 13:25:00+01:00,198.61,198.62,198.61,198.62,0,0,0
2019-12-27 13:26:00+01:00,198.62,198.66,198.62,198.66,0,0,0
2019-12-27 13:27:00+01:00,198.65,198.65,198.65,198.65,0,0,0
2019-12-27 13:28:00+01:00,198.65,198.65,198.6,198.6,0,0,0
2019-12-27 13:29:00+01:00,198.6,198.62,198.6,198.61,0,0,0
2019-12-27 13:30:00+01:00,198.59,198.59,198.58,198.58,0,0,0
2019-12-27 13:31:00+01:00,198.6,198.63,198.6,198.63,0,0,0
2019-12-27 13:32:00+01:00,198.58,198.59,198.58,198.59,0,0,0
2019-12-27 13:33:00+01:00,198.62,198.62,198.61,198.62,0,0,0
2019-12-27 13:34:00+01:00,198.62,198.62,198.54,198.54,0,0,0
2019-12-27 13:35:00+01:00,198.52,198.52,198.47,198.47,0,0,0
2019-12-27 13:36:00+01:00,198.47,198.47,198.42,198.42,0,0,0
2019-12-27 13:37:00+01:00,198.44,198.44,198.42,198.42,0,0,0
2019-12-27 13:38:00+01:00,198.45,198.45,198.42,198.42,0,0,0
2019-12-27 13:39:00+01:00,198.42,198.45,198.42,198.44,0,0,0
2019-12-27 13:40:00+01:00,198.47,198.47,198.46,198.46,0,0,0
2019-12-27 13:41:00+01:00,198.5,198.5,198.47,198.47,0,0,0
2019-12-27 13:42:00+01:00,198.47,198.47,198.46,198.46,0,0,0
2019-12-27 13:43:00+01:00,198.46,198.46,198.46,198.46,0,0,0
2019-12-27 13:44:00+01:00,198.45,198.47,198.45,198.47,0,0,0
2019-12-27 13:45:00+01:00,198.5,198.51,198.5,198.51,0,0,0
2019-12-27 13:46:00+01:00,198.44,198.47,198.44,198.46,0,0,0
2019-12-27 13:47:00+01:00,198.47,198.52,198.47,198.52,0,0,0
2019-12-27 13:48:00+01:00,198.51,198.57,198.51,198.56,0,0,0
2019-12-27 13:49:00+01:00,198.54,198.54,198.52,198.52,0,0,0
2019-12-27 13:50:00+01:00,198.51,198.51,198.49,198.49,0,0,0
2019-12-27 13:51:00+01:00,198.47,198.47,198.43,198.45,0,0,0
2019-12-27 13:52:00+01:00,198.45,198.45,198.42,198.43,0,0,0
2019-12-27 13:53:00+01:00,198.41,198.44,198.4,198.44,0,0,0
2019-12-27 13:54:00+01:00,198.46,198.46,198.45,198.45,0,0,0
2019-12-27 13:55:00+01:00,198.46,198.48,198.46,198.47,0,0,0
2019-12-27 13:56:00+01:00,198.49,198.5,198.49,198.5,0,0,0
2019-12-27 13:57:00+01:00,198.51,198.51,198.48,198.48,0,0,0
2019-12-27 13:58:00+01:00,198.52,198.52,198.5,198.51,0,0,0
2019-12-27 13:59:00+01:00,198.51,198.54,198.51,198.54,0,0,0
2019-12-27 14:00:00+01:00,198.47,198.49,198.47,198.49,0,0,0
2019-12-27 14:01:00+01:00,198.48,198.48,198.46,198.46,0,0,0
2019-12-27 14:02:00+01:00,198.45,198.45,198.38,198.4,0,0,0
2019-12-27 14:03:00+01:00,198.4,198.4,198.36,198.37,0,0,0
2019-12-27 14:04:00+01:00,198.36,198.37,198.36,198.37,0,0,0
2019-12-27 14:05:00+01:00,198.36,198.36,198.34,198.34,0,0,0
2019-12-27 14:06:00+01:00,198.34,198.34,198.31,198.33,0,0,0
2019-12-27 14:07:00+01:00,198.33,198.35,198.33,198.35,0,0,0
2019-12-27 14:08:00+01:00,198.36,198.43,198.36,198.43,0,0,0
2019-12-27 14:09:00+01:00,198.47,198.48,198.46,198.48,0,0,0
2019-12-27 14:10:00+01:00,198.5,198.5,198.46,198.46,0,0,0
2019-12-27 14:11:00+01:00,198.5,198.51,198.49,198.51,0,0,0
2019-12-27 14:12:00+01:00,198.54,198.54,198.53,198.54,0,0,0
2019-12-27 14:13:00+01:00,198.52,198.54,198.52,198.54,0,0,0
2019-12-27 14:14:00+01:00,198.54,198.54,198.52,198.52,0,0,0
2019-12-27 14:15:00+01:00,198.49,198.49,198.48,198.48,0,0,0
2019-12-27 14:16:00+01:00,198.49,198.5,198.49,198.5,0,0,0
2019-12-27 14:17:00+01:00,198.51,198.56,198.51,198.56,0,0,0
2019-12-27 14:18:00+01:00,198.51,198.53,198.51,198.53,0,0,0
2019-12-27 14:19:00+01:00,198.52,198.54,198.52,198.54,0,0,0
2019-12-27 14:20:00+01:00,198.56,198.56,198.54,198.54,0,0,0
2019-12-27 14:21:00+01:00,198.57,198.58,198.57,198.58,0,0,0
2019-12-27 14:22:00+01:00,198.56,198.56,198.5,198.5,0,0,0
2019-12-27 14:23:00+01:00,198.5,198.51,198.5,198.51,0,0,0
2019-12-27 14:24:00+01:00,198.52,198.53,198.52,198.53,0,0,0
2019-12-27 14:25:00+01:00,198.52,198.52,198.49,198.49,0,0,0
2019-12-27 14:26:00+01:00,198.49,198.49,198.48,198.48,0,0,0
2019-12-27 14:27:00+01:00,198.47,198.47,198.45,198.46,0,0,0
2019-12-27 14:28:00+01:00,198.46,198.46,198.46,198.46,0,0,0
2019-12-27 14:29:00+01:00,198.46,198.46,198.42,198.42,0,0,0
2019-12-27 14:30:00+01:00,198.42,198.46,198.42,198.46,0,0,0
2019-12-27 14:31:00+01:00,198.46,198.49,198.46,198.49,0,0,0
2019-12-27 14:32:00+01:00,198.48,198.55,198.48,198.54,0,0,0
2019-12-27 14:33:00+01:00,198.56,198.56,198.56,198.56,0,0,0
2019-12-27 14:34:00+01:00,198.56,198.56,198.55,198.56,0,0,0
2019-12-27 14:35:00+01:00,198.53,198.53,198.53,198.53,0,0,0
2019-12-27 14:36:00+01:00,198.53,198.53,198.51,198.53,0,0,0
2019-12-27 14:37:00+01:00,198.52,198.53,198.52,198.53,0,0,0
2019-12-27 14:38:00+01:00,198.53,198.53,198.52,198.52,0,0,0
2019-12-27 14:39:00+01:00,198.45,198.48,198.45,198.48,0,0,0
2019-12-27 14:40:00+01:00,198.48,198.54,198.48,198.54,0,0,0
2019-12-27 14:41:00+01:00,198.54,198.54,198.47,198.47,0,0,0
2019-12-27 14:42:00+01:00,198.43,198.43,198.43,198.43,0,0,0
2019-12-27 14:43:00+01:00,198.44,198.44,198.36,198.36,0,0,0
2019-12-27 14:44:00+01:00,198.38,198.38,198.37,198.37,0,0,0
2019-12-27 14:45:00+01:00,198.38,198.39,198.38,198.39,0,0,0
2019-12-27 14:46:00+01:00,198.44,198.44,198.41,198.41,0,0,0
2019-12-27 14:47:00+01:00,198.39,198.41,198.39,198.41,0,0,0
2019-12-27 14:48:00+01:00,198.38,198.38,198.36,198.36,0,0,0
2019-12-27 14:49:00+01:00,198.38,198.38,198.37,198.37,0,0,0
2019-12-27 14:50:00+01:00,198.36,198.36,198.33,198.33,0,0,0
2019-12-27 14:51:00+01:00,198.32,198.32,198.32,198.32,0,0,0
2019-12-27 14:52:00+01:00,198.33,198.33,198.31,198.31,0,0,0
2019-12-27 14:53:00+01:00,198.37,198.37,198.36,198.37,0,0,0
2019-12-27 14:54:00+01:00,198.39,198.42,198.39,198.42,0,0,0
2019-12-27 14:55:00+01:00,198.44,198.44,198.43,198.43,0,0,0
2019-12-27 14:56:00+01:00,198.43,198.43,198.39,198.39,0,0,0
2019-12-27 14:57:00+01:00,198.39,198.42,198.39,198.41,0,0,0
2019-12-27 14:58:00+01:00,198.42,198.42,198.42,198.42,0,0,0
2019-12-27 14:59:00+01:00,198.41,198.41,198.39,198.39,0,0,0
2019-12-27 15:00:00+01:00,198.38,198.4,198.38,198.4,0,0,0
2019-12-27 15:01:00+01:00,198.4,198.4,198.39,198.39,0,0,0
2019-12-27 15:02:00+01:00,198.38,198.38,198.36,198.38,0,0,0
2019-12-27 15:03:00+01:00,198.39,198.42,198.39,198.42,0,0,0
2019-12-27 15:04:00+01:00,198.38,198.4,198.38,198.4,0,0,0
2019-12-27 15:05:00+01:00,198.42,198.43,198.42,198.43,0,0,0
2019-12-27 15:06:00+01:00,198.47,198.48,198.47,198.48,0,0,0
2019-12-27 15:07:00+01:00,198.49,198.59,198.49,198.59,0,0,0
2019-12-27 15:08:00+01:00,198.49,198.49,198.47,198.47,0,0,0
2019-12-27 15:09:00+01:00,198.51,198.51,198.51,198.51,0,0,0
2019-12-27 15:10:00+01:00,198.52,198.52,198.49,198.51,0,0,0
2019-12-27 15:11:00+01:00,198.51,198.55,198.51,198.55,0,0,0
2019-12-27 15:12:00+01:00,198.5,198.5,198.49,198.49,0,0,0
2019-12-27 15:13:00+01:00,198.5,198.5,198.46,198.48,0,0,0
2019-12-27 15:14:00+01:00,198.48,198.5,198.48,198.5,0,0,0
2019-12-27 15:15:00+01:00,198.44,198.46,198.44,198.44,0,0,0
2019-12-27 15:16:00+01:00,198.47,198.48,198.47,198.48,0,0,0
2019-12-27 15:17:00+01:00,198.49,198.49,198.47,198.47,0,0,0
2019-12-27 15:18:00+01:00,198.48,198.48,198.44,198.45,0,0,0
2019-12-27 15:19:00+01:00,198.44,198.45,198.44,198.45,0,0,0
2019-12-27 15:20:00+01:00,198.46,198.46,198.45,198.45,0,0,0
2019-12-27 15:21:00+01:00,198.43,198.45,198.42,198.42,0,0,0
2019-12-27 15:22:00+01:00,198.42,198.42,198.41,198.41,0,0,0
2019-12-27 15:23:00+01:00,198.4,198.4,198.39,198.39,0,0,0
2019-12-27 15:24:00+01:00,198.39,198.4,198.34,198.34,0,0,0
2019-12-27 15:25:00+01:00,198.34,198.35,198.34,198.35,0,0,0
2019-12-27 15:26:00+01:00,198.34,198.36,198.34,198.34,0,0,0
2019-12-27 15:27:00+01:00,198.33,198.34,198.33,198.34,0,0,0
2019-12-27 15:28:00+01:00,198.34,198.34,198.33,198.33,0,0,0
2019-12-27 15:29:00+01:00,198.33,198.33,198.31,198.31,0,0,0
2019-12-27 15:30:00+01:00,198.33,198.33,198.32,198.32,0,0,0
2019-12-27 15:31:00+01:00,198.32,198.32,198.32,198.32,0,0,0
2019-12-27 15:32:00+01:00,198.31,198.31,198.31,198.31,0,0,0
2019-12-27 15:33:00+01:00,198.32,198.33,198.32,198.33,0,0,0
2019-12-27 15:34:00+01:00,198.33,198.4,198.33,198.4,0,0,0
2019-12-27 15:35:00+01:00,198.38,198.38,198.38,198.38,0,0,0
2019-12-27 15:36:00+01:00,198.39,198.39,198.38,198.38,0,0,0
2019-12-27 15:37:00+01:00,198.4,198.51,198.4,198.51,0,0,0
2019-12-27 15:38:00+01:00,198.49,198.49,198.47,198.47,0,0,0
2019-12-27 15:39:00+01:00,198.49,198.51,198.49,198.51,0,0,0
2019-12-27 15:40:00+01:00,198.51,198.51,198.51,198.51,0,0,0
2019-12-27 15:41:00+01:00,198.54,198.55,198.54,198.55,0,0,0
2019-12-27 15:42:00+01:00,198.58,198.58,198.53,198.53,0,0,0
2019-12-27 15:43:00+01:00,198.57,198.57,198.56,198.56,0,0,0
2019-12-27 15:44:00+01:00,198.49,198.49,198.49,198.49,0,0,0
2019-12-27 15:45:00+01:00,198.48,198.52,198.48,198.52,0,0,0
2019-12-27 15:46:00+01:00,198.53,198.53,198.53,198.53,0,0,0
2019-12-27 15:47:00+01:00,198.54,198.54,198.53,198.53,0,0,0
2019-12-27 15:48:00+01:00,198.52,198.52,198.52,198.52,0,0,0
2019-12-27 15:49:00+01:00,198.5,198.5,198.5,198.5,0,0,0
2019-12-27 15:50:00+01:00,198.49,198.49,198.49,198.49,0,0,0
2019-12-27 15:51:00+01:00,198.52,198.52,198.49,198.49,0,0,0
2019-12-27 15:52:00+01:00,198.52,198.52,198.52,198.52,0,0,0
2019-12-27 15:53:00+01:00,198.55,198.55,198.53,198.53,0,0,0
2019-12-27 15:54:00+01:00,198.56,198.59,198.56,198.59,0,0,0
2019-12-27 15:55:00+01:00,198.54,198.54,198.54,198.54,0,0,0
2019-12-27 15:56:00+01:00,198.66,198.66,198.62,198.62,0,0,0
2019-12-27 15:57:00+01:00,198.61,198.61,198.61,198.61,0,0,0
2019-12-27 15:58:00+01:00,198.63,198.65,198.63,198.65,0,0,0
2019-12-27 15:59:00+01:00,198.65,198.65,198.65,198.65,0,0,0
2019-12-27 16:00:00+01:00,198.69,198.71,198.69,198.71,0,0,0
2019-12-27 16:01:00+01:00,198.67,198.67,198.67,198.67,0,0,0
2019-12-27 16:02:00+01:00,198.7,198.71,198.7,198.71,0,0,0
2019-12-27 16:03:00+01:00,198.71,198.71,198.69,198.69,0,0,0
2019-12-27 16:04:00+01:00,198.77,198.77,198.77,198.77,0,0,0
2019-12-27 16:05:00+01:00,198.74,198.74,198.74,198.74,0,0,0
2019-12-27 16:06:00+01:00,198.74,198.74,198.74,198.74,0,0,0
2019-12-27 16:07:00+01:00,198.69,198.7,198.69,198.7,0,0,0
2019-12-27 16:08:00+01:00,198.73,198.75,198.73,198.75,0,0,0
2019-12-27 16:09:00+01:00,198.78,198.78,198.78,198.78,0,0,0
2019-12-27 16:10:00+01:00,198.79,198.79,198.79,198.79,0,0,0
2019-12-27 16:11:00+01:00,198.73,198.74,198.73,198.74,0,0,0
2019-12-27 16:12:00+01:00,198.74,198.77,198.74,198.77,0,0,0
2019-12-27 16:13:00+01:00,198.77,198.77,198.74,198.74,0,0,0
2019-12-27 16:14:00+01:00,198.74,198.77,198.74,198.77,0,0,0
2019-12-27 16:15:00+01:00,198.77,198.77,198.77,198.77,0,0,0
2019-12-27 16:16:00+01:00,198.76,198.8,198.76,198.8,0,0,0
2019-12-27 16:17:00+01:00,198.8,198.8,198.8,198.8,0,0,0
2019-12-27 16:18:00+01:00,198.82,198.82,198.81,198.81,0,0,0
2019-12-27 16:19:00+01:00,198.81,198.85,198.81,198.85,0,0,0
2019-12-27 16:20:00+01:00,198.86,198.88,198.86,198.88,0,0,0
2019-12-27 16:21:00+01:00,198.85,198.87,198.85,198.87,0,0,0
2019-12-27 16:22:00+01:00,198.86,198.86,198.82,198.82,0,0,0
2019-12-27 16:23:00+01:00,198.82,198.82,198.8,198.8,0,0,0
2019-12-27 16:24:00+01:00,198.79,198.82,198.79,198.82,0,0,0
2019-12-27 16:25:00+01:00,198.8,198.81,198.8,198.81,0,0,0
2019-12-27 16:26:00+01:00,198.79,198.8,198.79,198.8,0,0,0
2019-12-27 16:27:00+01:00,198.79,198.79,198.78,198.78,0,0,0
2019-12-27 16:28:00+01:00,198.78,198.79,198.78,198.79,0,0,0
2019-12-27 16:29:00+01:00,198.79,198.79,198.79,198.79,0,0,0
2019-12-27 16:30:00+01:00,198.79,198.79,198.79,198.79,0,0,0
2019-12-27 16:31:00+01:00,198.76,198.76,198.75,198.75,0,0,0
2019-12-27 16:32:00+01:00,198.73,198.74,198.73,198.74,0,0,0
2019-12-27 16:33:00+01:00,198.75,198.75,198.73,198.73,0,0,0
2019-12-27 16:34:00+01:00,198.71,198.72,198.71,198.72,0,0,0
2019-12-27 16:35:00+01:00,198.72,198.77,198.72,198.77,0,0,0
2019-12-27 16:36:00+01:00,198.76,198.76,198.75,198.75,0,0,0
2019-12-27 16:37:00+01:00,198.77,198.77,198.77,198.77,0,0,0
2019-12-27 16:38:00+01:00,198.78,198.78,198.77,198.77,0,0,0
2019-12-27 16:39:00+01:00,198.76,198.76,198.74,198.74,0,0,0
2019-12-27 16:40:00+01:00,198.74,198.75,198.74,198.75,0,0,0
2019-12-27 16:41:00+01:00,198.76,198.76,198.76,198.76,0,0,0
2019-12-27 16:42:00+01:00,198.76,198.78,198.76,198.78,0,0,0
2019-12-27 16:43:00+01:00,198.75,198.75,198.75,198.75,0,0,0
2019-12-27 16:44:00+01:00,198.73,198.74,198.73,198.74,0,0,0
2019-12-27 16:45:00+01:00,198.72,198.72,198.72,198.72,0,0,0
2019-12-27 16:46:00+01:00,198.68,198.72,198.68,198.72,0,0,0
2019-12-27 16:47:00+01:00,198.71,198.71,198.71,198.71,0,0,0
2019-12-27 16:48:00+01:00,198.68,198.7,198.68,198.7,0,0,0
2019-12-27 16:49:00+01:00,198.74,198.74,198.72,198.72,0,0,0
2019-12-27 16:50:00+01:00,198.69,198.69,198.69,198.69,0,0,0
2019-12-27 16:52:00+01:00,198.67,198.67,198.67,198.67,0,0,0
2019-12-27 16:53:00+01:00,198.63,198.63,198.59,198.59,0,0,0
2019-12-27 16:54:00+01:00,198.57,198.59,198.57,198.59,0,0,0
2019-12-27 16:55:00+01:00,198.62,198.63,198.62,198.63,0,0,0
2019-12-27 16:56:00+01:00,198.6,198.6,198.6,198.6,0,0,0
2019-12-27 16:57:00+01:00,198.58,198.58,198.45,198.45,0,0,0
2019-12-27 16:58:00+01:00,198.47,198.47,198.45,198.45,0,0,0
2019-12-27 16:59:00+01:00,198.43,198.48,198.43,198.48,0,0,0
2019-12-27 17:00:00+01:00,198.48,198.48,198.47,198.47,0,0,0
2019-12-27 17:01:00+01:00,198.43,198.43,198.4,198.4,0,0,0
2019-12-27 17:02:00+01:00,198.45,198.53,198.45,198.53,0,0,0
2019-12-27 17:03:00+01:00,198.5,198.5,198.49,198.49,0,0,0
2019-12-27 17:04:00+01:00,198.46,198.46,198.46,198.46,0,0,0
2019-12-27 17:05:00+01:00,198.48,198.5,198.48,198.5,0,0,0
2019-12-27 17:06:00+01:00,198.51,198.51,198.51,198.51,0,0,0
2019-12-27 17:07:00+01:00,198.54,198.54,198.54,198.54,0,0,0
2019-12-27 17:08:00+01:00,198.53,198.53,198.49,198.49,0,0,0
2019-12-27 17:09:00+01:00,198.48,198.52,198.48,198.52,0,0,0
2019-12-27 17:10:00+01:00,198.51,198.54,198.51,198.54,0,0,0
2019-12-27 17:11:00+01:00,198.52,198.54,198.52,198.54,0,0,0
2019-12-27 17:12:00+01:00,198.53,198.53,198.53,198.53,0,0,0
2019-12-27 17:13:00+01:00,198.52,198.56,198.52,198.56,0,0,0
2019-12-27 17:14:00+01:00,198.57,198.61,198.57,198.61,0,0,0
2019-12-27 17:15:00+01:00,198.58,198.58,198.56,198.56,0,0,0
2019-12-27 17:17:00+01:00,198.43,198.43,198.43,198.43,0,0,0
2019-12-27 17:20:00+01:00,198.5,198.5,198.5,198.5,0,0,0
2019-12-27 17:21:00+01:00,198.51,198.57,198.51,198.57,0,0,0
2019-12-27 17:22:00+01:00,198.55,198.55,198.52,198.52,0,0,0
2019-12-27 17:23:00+01:00,198.55,198.56,198.55,198.56,0,0,0
2019-12-27 17:24:00+01:00,198.57,198.57,198.55,198.55,0,0,0
2019-12-27 17:25:00+01:00,198.54,198.54,198.54,198.54,0,0,0
2019-12-27 17:26:00+01:00,198.55,198.55,198.54,198.54,0,0,0
2019-12-27 17:27:00+01:00,198.56,198.58,198.56,198.58,0,0,0
2019-12-27 17:28:00+01:00,198.58,198.58,198.57,198.57,0,0,0
2019-12-27 17:29:00+01:00,198.58,198.58,198.58,198.58,0,0,0
2019-12-30 09:00:00+01:00,198.69,198.69,198.69,198.69,0,0,0
2019-12-30 09:01:00+01:00,198.71,198.71,198.71,198.71,0,0,0
2019-12-30 09:02:00+01:00,198.75,198.75,198.49,198.49,0,0,0
2019-12-30 09:03:00+01:00,198.5,198.5,198.47,198.47,0,0,0
2019-12-30 09:04:00+01:00,198.47,198.48,198.47,198.48,0,0,0
2019-12-30 09:05:00+01:00,198.5,198.51,198.5,198.51,0,0,0
2019-12-30 09:06:00+01:00,198.53,198.53,198.52,198.52,0,0,0
2019-12-30 09:07:00+01:00,198.51,198.51,198.49,198.49,0,0,0
2019-12-30 09:08:00+01:00,198.47,198.47,198.45,198.45,0,0,0
2019-12-30 09:13:00+01:00,198.25,198.25,198.25,198.25,0,0,0
2019-12-30 09:15:00+01:00,198.29,198.29,198.29,198.29,0,0,0
2019-12-30 09:16:00+01:00,198.28,198.3,198.28,198.3,0,0,0
2019-12-30 09:17:00+01:00,198.3,198.3,198.27,198.27,0,0,0
2019-12-30 09:18:00+01:00,198.27,198.27,198.27,198.27,0,0,0
2019-12-30 09:19:00+01:00,198.24,198.24,198.23,198.23,0,0,0
2019-12-30 09:20:00+01:00,198.51,198.51,198.49,198.49,0,0,0
2019-12-30 09:21:00+01:00,198.49,198.49,198.45,198.45,0,0,0
2019-12-30 09:22:00+01:00,198.42,198.42,198.34,198.34,0,0,0
2019-12-30 09:23:00+01:00,198.33,198.36,198.33,198.36,0,0,0
2019-12-30 09:24:00+01:00,198.38,198.38,198.34,198.34,0,0,0
2019-12-30 09:25:00+01:00,198.35,198.35,198.31,198.31,0,0,0
2019-12-30 09:26:00+01:00,198.33,198.33,198.33,198.33,0,0,0
2019-12-30 09:27:00+01:00,198.33,198.33,198.33,198.33,0,0,0
2019-12-30 09:28:00+01:00,198.31,198.31,198.28,198.28,0,0,0
2019-12-30 09:29:00+01:00,198.28,198.35,198.28,198.35,0,0,0
2019-12-30 09:30:00+01:00,198.37,198.4,198.37,198.4,0,0,0
2019-12-30 09:31:00+01:00,198.41,198.43,198.41,198.43,0,0,0
2019-12-30 09:32:00+01:00,198.46,198.46,198.44,198.44,0,0,0
2019-12-30 09:33:00+01:00,198.44,198.44,198.44,198.44,0,0,0
2019-12-30 09:34:00+01:00,198.45,198.46,198.45,198.46,0,0,0
2019-12-30 09:35:00+01:00,198.47,198.48,198.47,198.48,0,0,0
2019-12-30 09:36:00+01:00,198.46,198.46,198.45,198.45,0,0,0
2019-12-30 09:37:00+01:00,198.41,198.41,198.39,198.39,0,0,0
2019-12-30 09:38:00+01:00,198.38,198.41,198.38,198.41,0,0,0
2019-12-30 09:39:00+01:00,198.4,198.4,198.33,198.33,0,0,0
2019-12-30 09:40:00+01:00,198.36,198.36,198.21,198.21,0,0,0
2019-12-30 09:41:00+01:00,198.21,198.21,198.19,198.19,0,0,0
2019-12-30 09:42:00+01:00,198.24,198.24,198.15,198.15,0,0,0
2019-12-30 09:43:00+01:00,198.19,198.23,198.19,198.23,0,0,0
2019-12-30 09:44:00+01:00,198.2,198.2,198.18,198.18,0,0,0
2019-12-30 09:45:00+01:00,198.21,198.21,198.09,198.09,0,0,0
2019-12-30 09:46:00+01:00,198.1,198.15,198.1,198.15,0,0,0
2019-12-30 09:47:00+01:00,198.15,198.15,198.12,198.12,0,0,0
2019-12-30 09:48:00+01:00,198.11,198.11,198.09,198.09,0,0,0
2019-12-30 09:49:00+01:00,198.04,198.04,198.02,198.02,0,0,0
2019-12-30 09:50:00+01:00,197.99,198.13,197.99,198.13,0,0,0
2019-12-30 09:51:00+01:00,198.05,198.06,198.05,198.06,0,0,0
2019-12-30 09:52:00+01:00,198.06,198.06,198.02,198.02,0,0,0
2019-12-30 09:53:00+01:00,197.91,197.91,197.9,197.9,0,0,0
2019-12-30 09:54:00+01:00,197.93,197.93,197.93,197.93,0,0,0
2019-12-30 09:55:00+01:00,197.95,197.95,197.95,197.95,0,0,0
2019-12-30 09:56:00+01:00,197.96,197.98,197.96,197.98,0,0,0
2019-12-30 09:57:00+01:00,197.97,197.97,197.97,197.97,0,0,0
2019-12-30 09:58:00+01:00,197.94,198.01,197.94,198.01,0,0,0
2019-12-30 09:59:00+01:00,197.96,197.96,197.96,197.96,0,0,0
2019-12-30 10:00:00+01:00,197.98,198.01,197.98,198.01,0,0,0
2019-12-30 10:01:00+01:00,198.01,198.01,197.99,197.99,0,0,0
2019-12-30 10:02:00+01:00,197.98,197.98,197.79,197.79,0,0,0
2019-12-30 10:03:00+01:00,197.8,197.84,197.8,197.84,0,0,0
2019-12-30 10:04:00+01:00,197.82,197.82,197.79,197.79,0,0,0
2019-12-30 10:05:00+01:00,197.79,197.79,197.78,197.78,0,0,0
2019-12-30 10:06:00+01:00,197.78,197.78,197.78,197.78,0,0,0
2019-12-30 10:07:00+01:00,197.76,197.78,197.76,197.78,0,0,0
2019-12-30 10:08:00+01:00,197.75,197.75,197.7,197.7,0,0,0
2019-12-30 10:09:00+01:00,197.72,197.72,197.71,197.71,0,0,0
2019-12-30 10:10:00+01:00,197.7,197.77,197.7,197.77,0,0,0
2019-12-30 10:11:00+01:00,197.75,197.75,197.74,197.74,0,0,0
2019-12-30 10:12:00+01:00,197.75,197.83,197.75,197.83,0,0,0
2019-12-30 10:13:00+01:00,197.83,197.84,197.83,197.84,0,0,0
2019-12-30 10:14:00+01:00,197.83,197.83,197.82,197.82,0,0,0
2019-12-30 10:15:00+01:00,197.82,197.87,197.82,197.87,0,0,0
2019-12-30 10:16:00+01:00,197.83,197.85,197.83,197.85,0,0,0
2019-12-30 10:17:00+01:00,197.89,197.9,197.89,197.9,0,0,0
2019-12-30 10:18:00+01:00,197.88,197.91,197.88,197.91,0,0,0
2019-12-30 10:19:00+01:00,197.9,197.9,197.89,197.89,0,0,0
2019-12-30 10:20:00+01:00,197.91,197.91,197.91,197.91,0,0,0
2019-12-30 10:21:00+01:00,197.94,197.94,197.91,197.91,0,0,0
2019-12-30 10:22:00+01:00,197.9,197.9,197.81,197.81,0,0,0
2019-12-30 10:23:00+01:00,197.84,197.86,197.84,197.86,0,0,0
2019-12-30 10:24:00+01:00,197.86,197.86,197.84,197.84,0,0,0
2019-12-30 10:25:00+01:00,197.83,197.83,197.83,197.83,0,0,0
2019-12-30 10:27:00+01:00,197.82,197.86,197.82,197.86,0,0,0
2019-12-30 10:28:00+01:00,197.9,197.9,197.9,197.9,0,0,0
2019-12-30 10:30:00+01:00,197.83,197.85,197.83,197.85,0,0,0
2019-12-30 10:31:00+01:00,197.85,197.85,197.84,197.84,0,0,0
2019-12-30 10:32:00+01:00,197.83,197.96,197.83,197.96,0,0,0
2019-12-30 10:33:00+01:00,197.94,197.95,197.94,197.95,0,0,0
2019-12-30 10:34:00+01:00,197.95,197.95,197.94,197.94,0,0,0
2019-12-30 10:35:00+01:00,197.95,197.95,197.93,197.93,0,0,0
2019-12-30 10:36:00+01:00,197.94,197.97,197.94,197.97,0,0,0
2019-12-30 10:37:00+01:00,198.0,198.0,197.99,197.99,0,0,0
2019-12-30 10:38:00+01:00,198.02,198.05,198.02,198.05,0,0,0
2019-12-30 10:39:00+01:00,198.05,198.09,198.05,198.09,0,0,0
2019-12-30 10:40:00+01:00,198.07,198.07,198.02,198.02,0,0,0
2019-12-30 10:41:00+01:00,198.02,198.02,198.02,198.02,0,0,0
2019-12-30 10:42:00+01:00,198.07,198.1,198.07,198.1,0,0,0
2019-12-30 10:43:00+01:00,198.14,198.14,198.13,198.13,0,0,0
2019-12-30 10:44:00+01:00,198.11,198.11,198.11,198.11,0,0,0
2019-12-30 10:45:00+01:00,198.16,198.17,198.16,198.17,0,0,0
2019-12-30 10:46:00+01:00,198.18,198.18,198.18,198.18,0,0,0
2019-12-30 10:47:00+01:00,198.22,198.22,198.21,198.21,0,0,0
2019-12-30 10:48:00+01:00,198.2,198.22,198.2,198.22,0,0,0
2019-12-30 10:49:00+01:00,198.22,198.22,198.2,198.2,0,0,0
2019-12-30 10:50:00+01:00,198.21,198.21,198.17,198.17,0,0,0
2019-12-30 10:51:00+01:00,198.2,198.2,198.14,198.14,0,0,0
2019-12-30 10:52:00+01:00,198.18,198.18,198.12,198.12,0,0,0
2019-12-30 10:53:00+01:00,198.11,198.12,198.11,198.12,0,0,0
2019-12-30 10:54:00+01:00,198.11,198.11,198.11,198.11,0,0,0
2019-12-30 10:55:00+01:00,198.08,198.08,198.08,198.08,0,0,0
2019-12-30 10:56:00+01:00,198.12,198.13,198.12,198.13,0,0,0
2019-12-30 10:57:00+01:00,198.14,198.15,198.14,198.15,0,0,0
2019-12-30 10:58:00+01:00,198.17,198.2,198.17,198.2,0,0,0
2019-12-30 10:59:00+01:00,198.2,198.2,198.19,198.19,0,0,0
2019-12-30 11:00:00+01:00,198.17,198.17,198.16,198.16,0,0,0
2019-12-30 11:01:00+01:00,198.14,198.18,198.14,198.18,0,0,0
2019-12-30 11:02:00+01:00,198.18,198.18,198.08,198.1,0,0,0
2019-12-30 11:03:00+01:00,198.07,198.07,198.06,198.06,0,0,0
2019-12-30 11:04:00+01:00,198.09,198.09,198.09,198.09,0,0,0
2019-12-30 11:05:00+01:00,198.11,198.11,198.11,198.11,0,0,0
2019-12-30 11:06:00+01:00,198.12,198.12,198.12,198.12,0,0,0
2019-12-30 11:07:00+01:00,198.12,198.12,198.11,198.11,0,0,0
2019-12-30 11:08:00+01:00,198.14,198.15,198.14,198.15,0,0,0
2019-12-30 11:09:00+01:00,198.15,198.15,198.15,198.15,0,0,0
2019-12-30 11:10:00+01:00,198.15,198.18,198.15,198.15,0,0,0
2019-12-30 11:11:00+01:00,198.15,198.15,198.15,198.15,0,0,0
2019-12-30 11:12:00+01:00,198.11,198.12,198.11,198.12,0,0,0
2019-12-30 11:13:00+01:00,198.11,198.11,198.03,198.04,0,0,0
2019-12-30 11:14:00+01:00,198.06,198.06,198.05,198.05,0,0,0
2019-12-30 11:15:00+01:00,198.07,198.08,198.07,198.07,0,0,0
2019-12-30 11:16:00+01:00,198.06,198.08,198.06,198.08,0,0,0
2019-12-30 11:17:00+01:00,198.08,198.09,198.08,198.09,0,0,0
2019-12-30 11:18:00+01:00,198.08,198.1,198.08,198.1,0,0,0
2019-12-30 11:20:00+01:00,198.12,198.12,198.12,198.12,0,0,0
2019-12-30 11:24:00+01:00,198.02,198.02,197.99,197.99,0,0,0
2019-12-30 11:26:00+01:00,198.0,198.0,198.0,198.0,0,0,0
2019-12-30 11:27:00+01:00,197.98,198.02,197.98,198.0,0,0,0
2019-12-30 11:28:00+01:00,197.99,198.0,197.99,198.0,0,0,0
2019-12-30 11:29:00+01:00,197.99,198.0,197.99,198.0,0,0,0
2019-12-30 11:30:00+01:00,197.98,197.98,197.96,197.97,0,0,0
2019-12-30 11:31:00+01:00,197.97,197.98,197.97,197.98,0,0,0
2019-12-30 11:32:00+01:00,197.97,197.97,197.89,197.89,0,0,0
2019-12-30 11:33:00+01:00,197.89,197.89,197.89,197.89,0,0,0
2019-12-30 11:34:00+01:00,197.93,197.94,197.92,197.92,0,0,0
2019-12-30 11:35:00+01:00,197.9,197.91,197.9,197.9,0,0,0
2019-12-30 11:36:00+01:00,197.9,197.91,197.9,197.9,0,0,0
2019-12-30 11:37:00+01:00,197.91,197.91,197.89,197.89,0,0,0
2019-12-30 11:38:00+01:00,197.9,197.9,197.9,197.9,0,0,0
2019-12-30 11:39:00+01:00,197.85,197.85,197.82,197.82,0,0,0
2019-12-30 11:40:00+01:00,197.79,197.8,197.79,197.8,0,0,0
2019-12-30 11:41:00+01:00,197.8,197.82,197.78,197.78,0,0,0
2019-12-30 11:42:00+01:00,197.79,197.81,197.79,197.81,0,0,0
2019-12-30 11:43:00+01:00,197.82,197.84,197.8,197.8,0,0,0
2019-12-30 11:44:00+01:00,197.82,197.82,197.81,197.81,0,0,0
2019-12-30 11:45:00+01:00,197.81,197.81,197.8,197.8,0,0,0
2019-12-30 11:46:00+01:00,197.8,197.82,197.77,197.79,0,0,0
2019-12-30 11:47:00+01:00,197.83,197.83,197.81,197.81,0,0,0
2019-12-30 11:48:00+01:00,197.82,197.82,197.78,197.79,0,0,0
2019-12-30 11:49:00+01:00,197.78,197.78,197.78,197.78,0,0,0
2019-12-30 11:50:00+01:00,197.77,197.78,197.77,197.78,0,0,0
2019-12-30 11:51:00+01:00,197.77,197.77,197.75,197.75,0,0,0
2019-12-30 11:52:00+01:00,197.75,197.77,197.75,197.77,0,0,0
2019-12-30 11:53:00+01:00,197.76,197.81,197.76,197.81,0,0,0
2019-12-30 11:54:00+01:00,197.8,197.81,197.8,197.81,0,0,0
2019-12-30 11:55:00+01:00,197.83,197.84,197.83,197.84,0,0,0
2019-12-30 11:56:00+01:00,197.83,197.9,197.83,197.9,0,0,0
2019-12-30 11:57:00+01:00,197.89,197.89,197.89,197.89,0,0,0
2019-12-30 11:58:00+01:00,197.88,197.89,197.88,197.88,0,0,0
2019-12-30 11:59:00+01:00,197.88,197.94,197.88,197.94,0,0,0
2019-12-30 12:00:00+01:00,197.93,197.94,197.93,197.94,0,0,0
2019-12-30 12:01:00+01:00,197.89,197.89,197.89,197.89,0,0,0
2019-12-30 12:02:00+01:00,197.9,197.9,197.86,197.89,0,0,0
2019-12-30 12:03:00+01:00,197.9,197.9,197.85,197.85,0,0,0
2019-12-30 12:04:00+01:00,197.88,197.88,197.88,197.88,0,0,0
2019-12-30 12:05:00+01:00,197.86,197.89,197.86,197.89,0,0,0
2019-12-30 12:06:00+01:00,197.92,197.92,197.91,197.91,0,0,0
2019-12-30 12:07:00+01:00,197.94,197.94,197.94,197.94,0,0,0
2019-12-30 12:08:00+01:00,197.89,197.89,197.88,197.88,0,0,0
2019-12-30 12:09:00+01:00,197.87,197.89,197.87,197.89,0,0,0
2019-12-30 12:10:00+01:00,197.88,197.92,197.88,197.92,0,0,0
2019-12-30 12:11:00+01:00,197.91,197.91,197.85,197.85,0,0,0
2019-12-30 12:12:00+01:00,197.86,197.86,197.78,197.79,0,0,0
2019-12-30 12:13:00+01:00,197.78,197.79,197.78,197.79,0,0,0
2019-12-30 12:14:00+01:00,197.82,197.86,197.82,197.86,0,0,0
2019-12-30 12:15:00+01:00,197.81,197.84,197.81,197.84,0,0,0
2019-12-30 12:16:00+01:00,197.85,197.85,197.85,197.85,0,0,0
2019-12-30 12:17:00+01:00,197.85,197.85,197.82,197.82,0,0,0
2019-12-30 12:18:00+01:00,197.81,197.85,197.81,197.85,0,0,0
2019-12-30 12:19:00+01:00,197.83,197.86,197.83,197.86,0,0,0
2019-12-30 12:20:00+01:00,197.83,197.83,197.81,197.81,0,0,0
2019-12-30 12:21:00+01:00,197.81,197.81,197.78,197.81,0,0,0
2019-12-30 12:22:00+01:00,197.78,197.78,197.7,197.7,0,0,0
2019-12-30 12:23:00+01:00,197.69,197.71,197.69,197.69,0,0,0
2019-12-30 12:24:00+01:00,197.64,197.65,197.63,197.64,0,0,0
2019-12-30 12:25:00+01:00,197.65,197.69,197.65,197.69,0,0,0
2019-12-30 12:26:00+01:00,197.66,197.66,197.65,197.65,0,0,0
2019-12-30 12:27:00+01:00,197.66,197.66,197.63,197.64,0,0,0
2019-12-30 12:28:00+01:00,197.63,197.65,197.63,197.63,0,0,0
2019-12-30 12:29:00+01:00,197.64,197.64,197.64,197.64,0,0,0
2019-12-30 12:30:00+01:00,197.61,197.61,197.61,197.61,0,0,0
2019-12-30 12:31:00+01:00,197.62,197.65,197.62,197.65,0,0,0
2019-12-30 12:32:00+01:00,197.65,197.65,197.62,197.62,0,0,0
2019-12-30 12:33:00+01:00,197.61,197.63,197.61,197.61,0,0,0
2019-12-30 12:34:00+01:00,197.63,197.72,197.63,197.7,0,0,0
2019-12-30 12:35:00+01:00,197.71,197.73,197.71,197.71,0,0,0
2019-12-30 12:36:00+01:00,197.71,197.74,197.7,197.7,0,0,0
2019-12-30 12:37:00+01:00,197.73,197.73,197.71,197.71,0,0,0
2019-12-30 12:38:00+01:00,197.71,197.71,197.7,197.7,0,0,0
2019-12-30 12:39:00+01:00,197.69,197.7,197.69,197.7,0,0,0
2019-12-30 12:40:00+01:00,197.7,197.73,197.7,197.73,0,0,0
2019-12-30 12:41:00+01:00,197.71,197.73,197.71,197.73,0,0,0
2019-12-30 12:42:00+01:00,197.71,197.83,197.71,197.82,0,0,0
2019-12-30 12:43:00+01:00,197.84,197.89,197.84,197.88,0,0,0
2019-12-30 12:44:00+01:00,197.88,197.89,197.87,197.87,0,0,0
2019-12-30 12:45:00+01:00,197.86,197.86,197.85,197.85,0,0,0
2019-12-30 12:46:00+01:00,197.88,197.88,197.85,197.85,0,0,0
2019-12-30 12:47:00+01:00,197.86,197.89,197.86,197.87,0,0,0
2019-12-30 12:48:00+01:00,197.87,197.87,197.86,197.87,0,0,0
2019-12-30 12:49:00+01:00,197.9,197.91,197.9,197.91,0,0,0
2019-12-30 12:50:00+01:00,197.89,197.89,197.87,197.88,0,0,0
2019-12-30 12:51:00+01:00,197.91,197.91,197.85,197.87,0,0,0
2019-12-30 12:52:00+01:00,197.83,197.83,197.82,197.82,0,0,0
2019-12-30 12:53:00+01:00,197.85,197.87,197.85,197.87,0,0,0
2019-12-30 12:54:00+01:00,197.85,197.85,197.84,197.85,0,0,0
2019-12-30 12:55:00+01:00,197.85,197.86,197.85,197.86,0,0,0
2019-12-30 12:56:00+01:00,197.86,197.86,197.79,197.79,0,0,0
2019-12-30 12:57:00+01:00,197.81,197.83,197.81,197.81,0,0,0
2019-12-30 12:58:00+01:00,197.8,197.81,197.8,197.81,0,0,0
2019-12-30 12:59:00+01:00,197.83,197.83,197.83,197.83,0,0,0
2019-12-30 13:00:00+01:00,197.82,197.85,197.8,197.81,0,0,0
2019-12-30 13:01:00+01:00,197.8,197.84,197.8,197.84,0,0,0
2019-12-30 13:02:00+01:00,197.8,197.85,197.8,197.85,0,0,0
2019-12-30 13:03:00+01:00,197.85,197.85,197.83,197.83,0,0,0
2019-12-30 13:04:00+01:00,197.83,197.84,197.83,197.83,0,0,0
2019-12-30 13:05:00+01:00,197.85,197.87,197.82,197.87,0,0,0
2019-12-30 13:06:00+01:00,197.88,197.9,197.88,197.9,0,0,0
2019-12-30 13:07:00+01:00,197.94,197.95,197.94,197.95,0,0,0
2019-12-30 13:08:00+01:00,198.01,198.01,197.99,197.99,0,0,0
2019-12-30 13:09:00+01:00,197.97,197.97,197.95,197.96,0,0,0
2019-12-30 13:10:00+01:00,197.97,197.97,197.94,197.96,0,0,0
2019-12-30 13:11:00+01:00,197.97,197.97,197.93,197.93,0,0,0
2019-12-30 13:12:00+01:00,197.97,197.97,197.85,197.86,0,0,0
2019-12-30 13:13:00+01:00,197.86,197.86,197.83,197.86,0,0,0
2019-12-30 13:14:00+01:00,197.86,197.87,197.86,197.87,0,0,0
2019-12-30 13:15:00+01:00,197.89,197.89,197.88,197.89,0,0,0
2019-12-30 13:16:00+01:00,197.88,197.92,197.88,197.92,0,0,0
2019-12-30 13:17:00+01:00,197.89,197.9,197.86,197.9,0,0,0
2019-12-30 13:18:00+01:00,197.87,197.88,197.87,197.87,0,0,0
2019-12-30 13:19:00+01:00,197.88,197.88,197.87,197.88,0,0,0
2019-12-30 13:20:00+01:00,197.86,197.88,197.86,197.87,0,0,0
2019-12-30 13:21:00+01:00,197.86,197.86,197.83,197.83,0,0,0
2019-12-30 13:22:00+01:00,197.85,197.85,197.8,197.82,0,0,0
2019-12-30 13:23:00+01:00,197.82,197.84,197.82,197.84,0,0,0
2019-12-30 13:24:00+01:00,197.85,197.87,197.85,197.87,0,0,0
2019-12-30 13:25:00+01:00,197.86,197.86,197.84,197.84,0,0,0
2019-12-30 13:26:00+01:00,197.86,197.86,197.83,197.83,0,0,0
2019-12-30 13:27:00+01:00,197.81,197.82,197.81,197.82,0,0,0
2019-12-30 13:28:00+01:00,197.82,197.83,197.82,197.82,0,0,0
2019-12-30 13:29:00+01:00,197.83,197.83,197.83,197.83,0,0,0
2019-12-30 13:30:00+01:00,197.82,197.82,197.78,197.78,0,0,0
2019-12-30 13:31:00+01:00,197.79,197.81,197.76,197.76,0,0,0
2019-12-30 13:32:00+01:00,197.77,197.82,197.77,197.81,0,0,0
2019-12-30 13:33:00+01:00,197.8,197.8,197.79,197.8,0,0,0
2019-12-30 13:34:00+01:00,197.79,197.79,197.78,197.78,0,0,0
2019-12-30 13:35:00+01:00,197.77,197.8,197.77,197.8,0,0,0
2019-12-30 13:36:00+01:00,197.78,197.81,197.78,197.8,0,0,0
2019-12-30 13:37:00+01:00,197.79,197.82,197.79,197.82,0,0,0
2019-12-30 13:38:00+01:00,197.82,197.82,197.8,197.8,0,0,0
2019-12-30 13:39:00+01:00,197.81,197.81,197.79,197.8,0,0,0
2019-12-30 13:40:00+01:00,197.8,197.8,197.79,197.79,0,0,0
2019-12-30 13:41:00+01:00,197.8,197.8,197.77,197.77,0,0,0
2019-12-30 13:42:00+01:00,197.84,197.87,197.84,197.84,0,0,0
2019-12-30 13:43:00+01:00,197.86,197.88,197.86,197.87,0,0,0
2019-12-30 13:44:00+01:00,197.84,197.87,197.83,197.83,0,0,0
2019-12-30 13:45:00+01:00,197.84,197.85,197.84,197.85,0,0,0
2019-12-30 13:46:00+01:00,197.87,197.89,197.87,197.87,0,0,0
2019-12-30 13:47:00+01:00,197.89,197.9,197.89,197.89,0,0,0
2019-12-30 13:48:00+01:00,197.9,197.92,197.89,197.92,0,0,0
2019-12-30 13:49:00+01:00,197.9,197.9,197.9,197.9,0,0,0
2019-12-30 13:50:00+01:00,197.96,198.0,197.96,197.98,0,0,0
2019-12-30 13:51:00+01:00,197.97,197.97,197.95,197.97,0,0,0
2019-12-30 13:52:00+01:00,197.97,197.97,197.92,197.95,0,0,0
2019-12-30 13:53:00+01:00,197.95,197.95,197.93,197.93,0,0,0
2019-12-30 13:54:00+01:00,197.98,197.98,197.97,197.98,0,0,0
2019-12-30 13:55:00+01:00,197.96,197.98,197.96,197.98,0,0,0
2019-12-30 13:56:00+01:00,197.91,197.93,197.91,197.93,0,0,0
2019-12-30 13:57:00+01:00,197.91,197.93,197.91,197.93,0,0,0
2019-12-30 13:58:00+01:00,197.91,197.94,197.91,197.94,0,0,0
2019-12-30 13:59:00+01:00,197.94,197.94,197.87,197.87,0,0,0
2019-12-30 14:00:00+01:00,197.88,197.9,197.88,197.9,0,0,0
2019-12-30 14:01:00+01:00,197.88,197.91,197.88,197.91,0,0,0
2019-12-30 14:02:00+01:00,197.93,197.93,197.89,197.89,0,0,0
2019-12-30 14:03:00+01:00,197.89,197.89,197.89,197.89,0,0,0
2019-12-30 14:04:00+01:00,197.91,197.91,197.89,197.89,0,0,0
2019-12-30 14:05:00+01:00,197.83,197.83,197.83,197.83,0,0,0
2019-12-30 14:06:00+01:00,197.84,197.85,197.84,197.85,0,0,0
2019-12-30 14:07:00+01:00,197.85,197.85,197.84,197.84,0,0,0
2019-12-30 14:08:00+01:00,197.83,197.85,197.83,197.85,0,0,0
2019-12-30 14:09:00+01:00,197.84,197.86,197.84,197.86,0,0,0
2019-12-30 14:10:00+01:00,197.86,197.86,197.81,197.81,0,0,0
2019-12-30 14:11:00+01:00,197.84,197.85,197.84,197.85,0,0,0
2019-12-30 14:12:00+01:00,197.83,197.83,197.83,197.83,0,0,0
2019-12-30 14:13:00+01:00,197.84,197.84,197.8,197.8,0,0,0
2019-12-30 14:14:00+01:00,197.81,197.84,197.8,197.8,0,0,0
2019-12-30 14:15:00+01:00,197.84,197.84,197.83,197.83,0,0,0
2019-12-30 14:16:00+01:00,197.84,197.86,197.84,197.86,0,0,0
2019-12-30 14:17:00+01:00,197.84,197.85,197.81,197.81,0,0,0
2019-12-30 14:18:00+01:00,197.79,197.82,197.79,197.82,0,0,0
2019-12-30 14:19:00+01:00,197.83,197.83,197.8,197.81,0,0,0
2019-12-30 14:20:00+01:00,197.8,197.8,197.78,197.78,0,0,0
2019-12-30 14:21:00+01:00,197.78,197.78,197.77,197.77,0,0,0
2019-12-30 14:22:00+01:00,197.76,197.76,197.73,197.73,0,0,0
2019-12-30 14:23:00+01:00,197.77,197.77,197.74,197.74,0,0,0
2019-12-30 14:24:00+01:00,197.76,197.76,197.74,197.74,0,0,0
2019-12-30 14:25:00+01:00,197.74,197.75,197.72,197.75,0,0,0
2019-12-30 14:26:00+01:00,197.74,197.74,197.73,197.73,0,0,0
2019-12-30 14:27:00+01:00,197.71,197.71,197.71,197.71,0,0,0
2019-12-30 14:28:00+01:00,197.69,197.69,197.67,197.67,0,0,0
2019-12-30 14:29:00+01:00,197.67,197.67,197.67,197.67,0,0,0
2019-12-30 14:30:00+01:00,197.63,197.63,197.6,197.6,0,0,0
2019-12-30 14:31:00+01:00,197.58,197.59,197.55,197.55,0,0,0
2019-12-30 14:32:00+01:00,197.59,197.59,197.55,197.57,0,0,0
2019-12-30 14:33:00+01:00,197.58,197.59,197.57,197.57,0,0,0
2019-12-30 14:34:00+01:00,197.59,197.59,197.56,197.56,0,0,0
2019-12-30 14:35:00+01:00,197.56,197.56,197.53,197.53,0,0,0
2019-12-30 14:36:00+01:00,197.54,197.54,197.52,197.52,0,0,0
2019-12-30 14:37:00+01:00,197.53,197.53,197.5,197.52,0,0,0
2019-12-30 14:38:00+01:00,197.52,197.52,197.52,197.52,0,0,0
2019-12-30 14:39:00+01:00,197.52,197.53,197.51,197.51,0,0,0
2019-12-30 14:40:00+01:00,197.53,197.56,197.53,197.56,0,0,0
2019-12-30 14:41:00+01:00,197.56,197.56,197.52,197.52,0,0,0
2019-12-30 14:42:00+01:00,197.52,197.54,197.52,197.54,0,0,0
2019-12-30 14:43:00+01:00,197.53,197.54,197.47,197.54,0,0,0
2019-12-30 14:44:00+01:00,197.56,197.61,197.56,197.61,0,0,0
2019-12-30 14:45:00+01:00,197.6,197.63,197.56,197.56,0,0,0
2019-12-30 14:46:00+01:00,197.58,197.58,197.57,197.57,0,0,0
2019-12-30 14:47:00+01:00,197.6,197.6,197.58,197.58,0,0,0
2019-12-30 14:48:00+01:00,197.56,197.56,197.55,197.55,0,0,0
2019-12-30 14:49:00+01:00,197.56,197.57,197.56,197.57,0,0,0
2019-12-30 14:50:00+01:00,197.56,197.58,197.56,197.56,0,0,0
2019-12-30 14:51:00+01:00,197.55,197.55,197.51,197.53,0,0,0
2019-12-30 14:52:00+01:00,197.51,197.51,197.45,197.48,0,0,0
2019-12-30 14:53:00+01:00,197.48,197.49,197.47,197.49,0,0,0
2019-12-30 14:54:00+01:00,197.48,197.5,197.47,197.5,0,0,0
2019-12-30 14:55:00+01:00,197.5,197.54,197.5,197.52,0,0,0
2019-12-30 14:56:00+01:00,197.5,197.5,197.47,197.48,0,0,0
2019-12-30 14:57:00+01:00,197.5,197.5,197.49,197.49,0,0,0
2019-12-30 14:58:00+01:00,197.5,197.54,197.49,197.54,0,0,0
2019-12-30 14:59:00+01:00,197.54,197.6,197.54,197.6,0,0,0
2019-12-30 15:00:00+01:00,197.63,197.63,197.59,197.59,0,0,0
2019-12-30 15:01:00+01:00,197.63,197.63,197.63,197.63,0,0,0
2019-12-30 15:02:00+01:00,197.67,197.67,197.62,197.62,0,0,0
2019-12-30 15:03:00+01:00,197.6,197.63,197.6,197.63,0,0,0
2019-12-30 15:04:00+01:00,197.64,197.64,197.64,197.64,0,0,0
2019-12-30 15:05:00+01:00,197.67,197.7,197.67,197.69,0,0,0
2019-12-30 15:06:00+01:00,197.69,197.74,197.69,197.74,0,0,0
2019-12-30 15:07:00+01:00,197.72,197.72,197.71,197.71,0,0,0
2019-12-30 15:08:00+01:00,197.74,197.74,197.71,197.71,0,0,0
2019-12-30 15:09:00+01:00,197.69,197.69,197.69,197.69,0,0,0
2019-12-30 15:10:00+01:00,197.67,197.72,197.67,197.71,0,0,0
2019-12-30 15:11:00+01:00,197.7,197.72,197.7,197.72,0,0,0
2019-12-30 15:12:00+01:00,197.75,197.87,197.75,197.87,0,0,0
2019-12-30 15:13:00+01:00,197.89,197.89,197.82,197.82,0,0,0
2019-12-30 15:14:00+01:00,197.81,197.85,197.81,197.84,0,0,0
2019-12-30 15:15:00+01:00,197.87,197.87,197.8,197.8,0,0,0
2019-12-30 15:16:00+01:00,197.85,197.85,197.84,197.84,0,0,0
2019-12-30 15:17:00+01:00,197.93,197.93,197.93,197.93,0,0,0
2019-12-30 15:18:00+01:00,197.95,197.95,197.93,197.93,0,0,0
2019-12-30 15:19:00+01:00,197.95,197.95,197.9,197.9,0,0,0
2019-12-30 15:20:00+01:00,197.92,197.94,197.92,197.94,0,0,0
2019-12-30 15:21:00+01:00,197.92,197.96,197.92,197.93,0,0,0
2019-12-30 15:22:00+01:00,197.94,197.94,197.93,197.94,0,0,0
2019-12-30 15:23:00+01:00,197.96,197.96,197.93,197.93,0,0,0
2019-12-30 15:24:00+01:00,197.93,197.96,197.93,197.94,0,0,0
2019-12-30 15:25:00+01:00,197.93,197.94,197.93,197.94,0,0,0
2019-12-30 15:26:00+01:00,197.95,197.98,197.95,197.96,0,0,0
2019-12-30 15:27:00+01:00,197.98,197.98,197.95,197.95,0,0,0
2019-12-30 15:28:00+01:00,197.92,197.95,197.92,197.95,0,0,0
2019-12-30 15:29:00+01:00,197.95,198.0,197.95,197.99,0,0,0
2019-12-30 15:30:00+01:00,197.98,198.01,197.98,198.01,0,0,0
2019-12-30 15:31:00+01:00,198.01,198.01,197.98,197.98,0,0,0
2019-12-30 15:32:00+01:00,197.97,197.98,197.97,197.98,0,0,0
2019-12-30 15:33:00+01:00,197.97,197.97,197.97,197.97,0,0,0
2019-12-30 15:34:00+01:00,198.01,198.03,198.01,198.03,0,0,0
2019-12-30 15:35:00+01:00,198.01,198.01,198.01,198.01,0,0,0
2019-12-30 15:36:00+01:00,198.02,198.02,198.02,198.02,0,0,0
2019-12-30 15:37:00+01:00,198.03,198.03,198.01,198.01,0,0,0
2019-12-30 15:38:00+01:00,198.02,198.02,197.99,197.99,0,0,0
2019-12-30 15:39:00+01:00,197.98,197.98,197.98,197.98,0,0,0
2019-12-30 15:40:00+01:00,198.0,198.0,198.0,198.0,0,0,0
2019-12-30 15:41:00+01:00,198.0,198.0,197.97,197.97,0,0,0
2019-12-30 15:42:00+01:00,197.94,197.94,197.94,197.94,0,0,0
2019-12-30 15:43:00+01:00,197.93,197.95,197.93,197.95,0,0,0
2019-12-30 15:44:00+01:00,197.94,197.94,197.91,197.91,0,0,0
2019-12-30 15:45:00+01:00,197.89,197.89,197.89,197.89,0,0,0
2019-12-30 15:46:00+01:00,197.87,197.88,197.87,197.88,0,0,0
2019-12-30 15:47:00+01:00,197.83,197.84,197.83,197.84,0,0,0
2019-12-30 15:48:00+01:00,197.83,197.83,197.82,197.82,0,0,0
2019-12-30 15:49:00+01:00,197.81,197.81,197.81,197.81,0,0,0
2019-12-30 15:50:00+01:00,197.83,197.83,197.83,197.83,0,0,0
2019-12-30 15:51:00+01:00,197.86,197.87,197.86,197.87,0,0,0
2019-12-30 15:52:00+01:00,197.89,197.89,197.8,197.8,0,0,0
2019-12-30 15:53:00+01:00,197.81,197.81,197.81,197.81,0,0,0
2019-12-30 15:54:00+01:00,197.78,197.79,197.78,197.79,0,0,0
2019-12-30 15:55:00+01:00,197.8,197.8,197.8,197.8,0,0,0
2019-12-30 15:56:00+01:00,197.81,197.81,197.81,197.81,0,0,0
2019-12-30 15:57:00+01:00,197.82,197.82,197.82,197.82,0,0,0
2019-12-30 15:58:00+01:00,197.82,197.82,197.82,197.82,0,0,0
2019-12-30 15:59:00+01:00,197.77,197.77,197.77,197.77,0,0,0
2019-12-30 16:00:00+01:00,197.76,197.77,197.76,197.77,0,0,0
2019-12-30 16:01:00+01:00,197.74,197.75,197.74,197.75,0,0,0
2019-12-30 16:02:00+01:00,197.82,197.82,197.79,197.79,0,0,0
2019-12-30 16:03:00+01:00,197.79,197.79,197.77,197.77,0,0,0
2019-12-30 16:04:00+01:00,197.78,197.78,197.77,197.77,0,0,0
2019-12-30 16:05:00+01:00,197.76,197.76,197.76,197.76,0,0,0
2019-12-30 16:06:00+01:00,197.72,197.72,197.67,197.67,0,0,0
2019-12-30 16:07:00+01:00,197.65,197.65,197.64,197.64,0,0,0
2019-12-30 16:08:00+01:00,197.7,197.71,197.7,197.71,0,0,0
2019-12-30 16:09:00+01:00,197.7,197.77,197.7,197.77,0,0,0
2019-12-30 16:10:00+01:00,197.72,197.78,197.72,197.78,0,0,0
2019-12-30 16:11:00+01:00,197.76,197.76,197.76,197.76,0,0,0
2019-12-30 16:12:00+01:00,197.74,197.74,197.68,197.68,0,0,0
2019-12-30 16:13:00+01:00,197.69,197.69,197.69,197.69,0,0,0
2019-12-30 16:14:00+01:00,197.67,197.7,197.67,197.7,0,0,0
2019-12-30 16:15:00+01:00,197.66,197.69,197.66,197.69,0,0,0
2019-12-30 16:16:00+01:00,197.68,197.68,197.66,197.66,0,0,0
2019-12-30 16:17:00+01:00,197.68,197.68,197.68,197.68,0,0,0
2019-12-30 16:18:00+01:00,197.66,197.68,197.66,197.68,0,0,0
2019-12-30 16:19:00+01:00,197.68,197.68,197.64,197.64,0,0,0
2019-12-30 16:20:00+01:00,197.64,197.64,197.64,197.64,0,0,0
2019-12-30 16:21:00+01:00,197.51,197.51,197.42,197.42,0,0,0
2019-12-30 16:22:00+01:00,197.41,197.41,197.3,197.3,0,0,0
2019-12-30 16:23:00+01:00,197.29,197.3,197.29,197.3,0,0,0
2019-12-30 16:24:00+01:00,197.38,197.39,197.38,197.39,0,0,0
2019-12-30 16:25:00+01:00,197.38,197.39,197.38,197.39,0,0,0
2019-12-30 16:26:00+01:00,197.37,197.4,197.37,197.4,0,0,0
2019-12-30 16:27:00+01:00,197.38,197.38,197.35,197.35,0,0,0
2019-12-30 16:28:00+01:00,197.35,197.35,197.34,197.34,0,0,0
2019-12-30 16:29:00+01:00,197.34,197.34,197.31,197.31,0,0,0
2019-12-30 16:30:00+01:00,197.34,197.34,197.34,197.34,0,0,0
2019-12-30 16:31:00+01:00,197.34,197.45,197.34,197.45,0,0,0
2019-12-30 16:32:00+01:00,197.48,197.48,197.32,197.32,0,0,0
2019-12-30 16:33:00+01:00,197.33,197.33,197.32,197.32,0,0,0
2019-12-30 16:34:00+01:00,197.32,197.32,197.32,197.32,0,0,0
2019-12-30 16:35:00+01:00,197.31,197.33,197.31,197.33,0,0,0
2019-12-30 16:36:00+01:00,197.34,197.34,197.33,197.33,0,0,0
2019-12-30 16:37:00+01:00,197.36,197.36,197.36,197.36,0,0,0
2019-12-30 16:38:00+01:00,197.36,197.4,197.36,197.4,0,0,0
2019-12-30 16:39:00+01:00,197.42,197.42,197.39,197.39,0,0,0
2019-12-30 16:40:00+01:00,197.42,197.53,197.42,197.53,0,0,0
2019-12-30 16:41:00+01:00,197.51,197.51,197.51,197.51,0,0,0
2019-12-30 16:42:00+01:00,197.67,197.69,197.67,197.69,0,0,0
2019-12-30 16:43:00+01:00,197.67,197.67,197.65,197.65,0,0,0
2019-12-30 16:44:00+01:00,197.65,197.65,197.6,197.6,0,0,0
2019-12-30 16:45:00+01:00,197.56,197.56,197.53,197.53,0,0,0
2019-12-30 16:46:00+01:00,197.53,197.54,197.53,197.54,0,0,0
2019-12-30 16:47:00+01:00,197.52,197.53,197.52,197.53,0,0,0
2019-12-30 16:48:00+01:00,197.51,197.52,197.51,197.52,0,0,0
2019-12-30 16:49:00+01:00,197.51,197.51,197.48,197.48,0,0,0
2019-12-30 16:50:00+01:00,197.53,197.63,197.53,197.63,0,0,0
2019-12-30 16:51:00+01:00,197.64,197.64,197.59,197.59,0,0,0
2019-12-30 16:52:00+01:00,197.53,197.58,197.53,197.58,0,0,0
2019-12-30 16:53:00+01:00,197.53,197.53,197.51,197.51,0,0,0
2019-12-30 16:55:00+01:00,197.45,197.45,197.45,197.45,0,0,0
2019-12-30 16:56:00+01:00,197.38,197.38,197.38,197.38,0,0,0
2019-12-30 16:57:00+01:00,197.32,197.32,197.32,197.32,0,0,0
2019-12-30 16:58:00+01:00,197.32,197.35,197.32,197.35,0,0,0
2019-12-30 16:59:00+01:00,197.32,197.32,197.32,197.32,0,0,0
