Datetime,Open,High,Low,Close,Volume,Dividends,Stock Splits
2019-12-18 11:00:00-05:00,1105.77,1105.77,1105.19,1105.19,0,0,0
2019-12-18 11:01:00-05:00,1105.19,1105.19,1104.98,1105.16,0,0,0
2019-12-18 11:02:00-05:00,1105.22,1105.25,1104.97,1105.01,0,0,0
2019-12-18 11:03:00-05:00,1105.01,1105.77,1105.01,1105.66,0,0,0
2019-12-18 11:04:00-05:00,1105.74,1105.97,1105.67,1105.67,0,0,0
2019-12-18 11:05:00-05:00,1105.65,1105.67,1105.62,1105.64,0,0,0
2019-12-18 11:06:00-05:00,1105.64,1105.81,1105.41,1105.48,0,0,0
2019-12-18 11:07:00-05:00,1105.48,1105.48,1105.38,1105.38,0,0,0
2019-12-18 11:08:00-05:00,1105.38,1105.48,1105.17,1105.37,0,0,0
2019-12-18 11:09:00-05:00,1105.37,1105.48,1104.54,1104.75,0,0,0
2019-12-18 11:10:00-05:00,1104.79,1105.13,1104.79,1105.13,0,0,0
2019-12-18 11:11:00-05:00,1105.21,1105.21,1105.18,1105.18,0,0,0
2019-12-18 11:12:00-05:00,1105.15,1105.18,1105.12,1105.14,0,0,0
2019-12-18 11:13:00-05:00,1105.25,1105.83,1105.25,1105.69,0,0,0
2019-12-18 11:14:00-05:00,1105.69,1105.76,1105.47,1105.47,0,0,0
2019-12-18 11:17:00-05:00,1105.53,1105.75,1105.51,1105.7,0,0,0
2019-12-18 11:18:00-05:00,1105.67,1105.75,1105.59,1105.75,0,0,0
2019-12-18 11:19:00-05:00,1105.75,1106.12,1105.73,1106.12,0,0,0
2019-12-18 11:20:00-05:00,1106.23,1106.31,1106.23,1106.23,0,0,0
2019-12-18 11:21:00-05:00,1106.23,1106.23,1106.04,1106.04,0,0,0
2019-12-18 11:22:00-05:00,1106.08,1106.58,1106.08,1106.57,0,0,0
2019-12-18 11:23:00-05:00,1106.58,1106.58,1106.26,1106.29,0,0,0
2019-12-18 11:24:00-05:00,1106.29,1106.43,1106.29,1106.41,0,0,0
2019-12-18 11:25:00-05:00,1106.35,1106.35,1106.2,1106.34,0,0,0
2019-12-18 11:26:00-05:00,1106.25,1106.25,1106.12,1106.12,0,0,0
2019-12-18 11:27:00-05:00,1106.12,1106.36,1105.91,1105.91,0,0,0
2019-12-18 11:28:00-05:00,1105.85,1106.12,1105.85,1106.12,0,0,0
2019-12-18 11:29:00-05:00,1106.2,1106.21,1105.98,1105.98,0,0,0
2019-12-18 11:30:00-05:00,1105.98,1106.51,1105.91,1106.51,0,0,0
2019-12-18 11:31:00-05:00,1106.6,1107.04,1106.6,1106.98,0,0,0
2019-12-18 11:32:00-05:00,1106.93,1106.93,1106.84,1106.87,0,0,0
2019-12-18 11:33:00-05:00,1106.87,1107.04,1106.69,1106.69,0,0,0
2019-12-18 11:34:00-05:00,1106.69,1106.69,1106.42,1106.51,0,0,0
2019-12-18 11:35:00-05:00,1106.51,1106.51,1106.08,1106.08,0,0,0
2019-12-18 11:36:00-05:00,1106.08,1106.09,1105.86,1105.86,0,0,0
2019-12-18 11:37:00-05:00,1105.91,1105.91,1105.88,1105.88,0,0,0
2019-12-18 11:38:00-05:00,1105.88,1105.88,1105.83,1105.83,0,0,0
2019-12-18 11:39:00-05:00,1105.83,1105.94,1105.78,1105.91,0,0,0
2019-12-18 11:40:00-05:00,1105.86,1105.86,1105.79,1105.8,0,0,0
2019-12-18 11:41:00-05:00,1105.8,1105.84,1105.76,1105.84,0,0,0
2019-12-18 11:42:00-05:00,1105.84,1105.97,1105.82,1105.82,0,0,0
2019-12-18 11:43:00-05:00,1105.82,1106.14,1105.8,1106.11,0,0,0
2019-12-18 11:44:00-05:00,1106.11,1106.25,1106.11,1106.25,0,0,0
2019-12-18 11:46:00-05:00,1107.09,1107.09,1106.83,1106.83,0,0,0
2019-12-18 11:47:00-05:00,1106.83,1106.97,1106.83,1106.92,0,0,0
2019-12-18 11:48:00-05:00,1106.81,1106.81,1106.78,1106.78,0,0,0
2019-12-18 11:49:00-05:00,1106.78,1106.78,1106.62,1106.73,0,0,0
2019-12-18 11:50:00-05:00,1106.73,1106.77,1106.7,1106.7,0,0,0
2019-12-18 11:51:00-05:00,1106.69,1106.73,1106.36,1106.37,0,0,0
2019-12-18 11:52:00-05:00,1106.16,1106.3,1106.13,1106.3,0,0,0
2019-12-18 11:53:00-05:00,1106.14,1106.25,1106.04,1106.2,0,0,0
2019-12-18 11:54:00-05:00,1106.38,1106.38,1106.22,1106.27,0,0,0
2019-12-18 11:55:00-05:00,1106.01,1106.1,1105.92,1105.94,0,0,0
2019-12-18 11:56:00-05:00,1106.05,1106.84,1106.05,1106.77,0,0,0
2019-12-18 11:57:00-05:00,1106.77,1106.77,1106.26,1106.26,0,0,0
2019-12-18 11:58:00-05:00,1106.26,1106.33,1106.2,1106.25,0,0,0
2019-12-18 11:59:00-05:00,1106.16,1106.17,1106.05,1106.05,0,0,0
2019-12-18 12:00:00-05:00,1106.05,1106.44,1106.02,1106.39,0,0,0
2019-12-18 12:01:00-05:00,1106.39,1106.94,1106.39,1106.92,0,0,0
2019-12-18 12:02:00-05:00,1106.92,1106.92,1106.8,1106.85,0,0,0
2019-12-18 12:03:00-05:00,1106.85,1106.85,1106.59,1106.59,0,0,0
2019-12-18 12:04:00-05:00,1106.59,1106.68,1106.59,1106.68,0,0,0
2019-12-18 12:05:00-05:00,1106.68,1106.82,1106.31,1106.36,0,0,0
2019-12-18 12:06:00-05:00,1106.42,1106.42,1106.04,1106.09,0,0,0
2019-12-18 12:07:00-05:00,1106.09,1106.13,1106.09,1106.13,0,0,0
2019-12-18 12:08:00-05:00,1106.13,1106.14,1106.13,1106.14,0,0,0
2019-12-18 12:09:00-05:00,1106.14,1106.18,1106.11,1106.11,0,0,0
2019-12-18 12:10:00-05:00,1106.11,1106.11,1106.05,1106.09,0,0,0
2019-12-18 12:11:00-05:00,1106.09,1106.1,1106.03,1106.1,0,0,0
2019-12-18 12:12:00-05:00,1106.1,1106.29,1106.09,1106.29,0,0,0
2019-12-18 12:13:00-05:00,1106.29,1106.64,1106.29,1106.64,0,0,0
2019-12-18 12:14:00-05:00,1106.78,1106.78,1106.7,1106.7,0,0,0
2019-12-18 12:15:00-05:00,1106.58,1106.58,1106.42,1106.42,0,0,0
2019-12-18 12:17:00-05:00,1106.4,1106.4,1106.34,1106.37,0,0,0
2019-12-18 12:18:00-05:00,1106.37,1106.4,1106.17,1106.17,0,0,0
2019-12-18 12:19:00-05:00,1106.16,1106.16,1106.16,1106.16,0,0,0
2019-12-18 12:20:00-05:00,1106.37,1106.56,1106.37,1106.56,0,0,0
2019-12-18 12:21:00-05:00,1106.6,1106.62,1106.45,1106.45,0,0,0
2019-12-18 12:22:00-05:00,1106.45,1106.45,1106.23,1106.38,0,0,0
2019-12-18 12:23:00-05:00,1106.38,1106.72,1106.38,1106.72,0,0,0
2019-12-18 12:24:00-05:00,1106.72,1106.72,1106.47,1106.47,0,0,0
2019-12-18 12:25:00-05:00,1106.47,1106.84,1106.47,1106.84,0,0,0
2019-12-18 12:26:00-05:00,1106.84,1107.15,1106.84,1107.15,0,0,0
2019-12-18 12:27:00-05:00,1107.15,1107.15,1106.89,1107.0,0,0,0
2019-12-18 12:28:00-05:00,1106.9,1106.9,1106.83,1106.83,0,0,0
2019-12-18 12:29:00-05:00,1106.83,1106.85,1106.76,1106.76,0,0,0
2019-12-18 12:30:00-05:00,1106.76,1106.76,1106.39,1106.44,0,0,0
2019-12-18 12:31:00-05:00,1106.44,1106.44,1106.3,1106.3,0,0,0
2019-12-18 12:32:00-05:00,1106.3,1106.63,1106.3,1106.63,0,0,0
2019-12-18 12:33:00-05:00,1106.63,1106.67,1106.55,1106.67,0,0,0
2019-12-18 12:34:00-05:00,1106.67,1106.88,1106.65,1106.83,0,0,0
2019-12-18 12:35:00-05:00,1106.83,1106.83,1106.77,1106.77,0,0,0
2019-12-18 12:36:00-05:00,1106.77,1106.81,1106.68,1106.81,0,0,0
2019-12-18 12:37:00-05:00,1106.81,1106.81,1106.81,1106.81,0,0,0
2019-12-18 12:38:00-05:00,1106.81,1106.81,1106.53,1106.59,0,0,0
2019-12-18 12:39:00-05:00,1106.5,1106.6,1106.32,1106.6,0,0,0
2019-12-18 12:40:00-05:00,1106.6,1106.6,1106.46,1106.46,0,0,0
2019-12-18 12:41:00-05:00,1106.46,1106.62,1106.46,1106.62,0,0,0
2019-12-18 12:42:00-05:00,1106.62,1106.62,1106.62,1106.62,0,0,0
2019-12-18 12:43:00-05:00,1106.62,1106.64,1106.58,1106.58,0,0,0
2019-12-18 12:44:00-05:00,1106.58,1106.58,1106.47,1106.54,0,0,0
2019-12-18 12:45:00-05:00,1106.49,1106.54,1106.38,1106.43,0,0,0
2019-12-18 12:46:00-05:00,1106.43,1106.47,1106.39,1106.47,0,0,0
2019-12-18 12:47:00-05:00,1106.47,1106.81,1106.45,1106.69,0,0,0
2019-12-18 12:48:00-05:00,1106.69,1106.91,1106.69,1106.91,0,0,0
2019-12-18 12:49:00-05:00,1106.91,1107.17,1106.91,1107.14,0,0,0
2019-12-18 12:50:00-05:00,1107.14,1107.24,1107.14,1107.2,0,0,0
2019-12-18 12:51:00-05:00,1107.2,1108.29,1107.18,1108.29,0,0,0
2019-12-18 12:52:00-05:00,1108.29,1108.53,1108.29,1108.53,0,0,0
2019-12-18 12:53:00-05:00,1108.53,1108.95,1108.53,1108.95,0,0,0
2019-12-18 12:54:00-05:00,1109.2,1109.2,1108.9,1109.05,0,0,0
2019-12-18 12:55:00-05:00,1109.05,1109.12,1109.04,1109.07,0,0,0
2019-12-18 12:56:00-05:00,1109.07,1109.19,1109.01,1109.01,0,0,0
2019-12-18 12:57:00-05:00,1109.01,1109.24,1109.01,1109.24,0,0,0
2019-12-18 12:58:00-05:00,1109.24,1109.5,1109.24,1109.5,0,0,0
2019-12-18 12:59:00-05:00,1109.5,1109.67,1109.43,1109.48,0,0,0
2019-12-18 13:00:00-05:00,1109.48,1109.57,1109.48,1109.57,0,0,0
2019-12-18 13:01:00-05:00,1109.57,1109.81,1109.56,1109.76,0,0,0
2019-12-18 13:02:00-05:00,1109.76,1109.95,1109.76,1109.95,0,0,0
2019-12-18 13:03:00-05:00,1110.0,1110.0,1109.84,1109.84,0,0,0
2019-12-18 13:04:00-05:00,1109.84,1109.86,1109.71,1109.71,0,0,0
2019-12-18 13:05:00-05:00,1109.63,1109.66,1109.55,1109.66,0,0,0
2019-12-18 13:06:00-05:00,1109.66,1109.66,1109.58,1109.63,0,0,0
2019-12-18 13:07:00-05:00,1109.64,1109.64,1109.43,1109.49,0,0,0
2019-12-18 13:08:00-05:00,1109.37,1109.71,1109.34,1109.71,0,0,0
2019-12-18 13:09:00-05:00,1109.74,1109.74,1109.62,1109.62,0,0,0
2019-12-18 13:10:00-05:00,1109.62,1109.82,1109.62,1109.82,0,0,0
2019-12-18 13:11:00-05:00,1109.82,1109.91,1109.73,1109.91,0,0,0
2019-12-18 13:12:00-05:00,1109.91,1110.06,1109.91,1109.97,0,0,0
2019-12-18 13:13:00-05:00,1109.97,1110.03,1109.97,1110.0,0,0,0
2019-12-18 13:14:00-05:00,1110.0,1110.25,1110.0,1110.12,0,0,0
2019-12-18 13:15:00-05:00,1110.13,1110.25,1109.82,1110.25,0,0,0
2019-12-18 13:16:00-05:00,1110.25,1110.43,1110.25,1110.37,0,0,0
2019-12-18 13:17:00-05:00,1110.37,1110.47,1110.37,1110.47,0,0,0
2019-12-18 13:18:00-05:00,1110.47,1110.47,1110.34,1110.38,0,0,0
2019-12-18 13:19:00-05:00,1110.5,1110.5,1110.16,1110.16,0,0,0
2019-12-18 13:20:00-05:00,1110.16,1110.23,1110.14,1110.23,0,0,0
2019-12-18 13:21:00-05:00,1110.23,1110.36,1110.0,1110.0,0,0,0
2019-12-18 13:22:00-05:00,1110.06,1110.06,1109.84,1109.84,0,0,0
2019-12-18 13:23:00-05:00,1109.84,1109.98,1109.84,1109.98,0,0,0
2019-12-18 13:24:00-05:00,1109.98,1110.12,1109.83,1110.12,0,0,0
2019-12-18 13:25:00-05:00,1110.12,1110.29,1110.07,1110.12,0,0,0
2019-12-18 13:26:00-05:00,1110.12,1110.27,1110.12,1110.22,0,0,0
2019-12-18 13:27:00-05:00,1110.14,1110.14,1109.88,1109.88,0,0,0
2019-12-18 13:28:00-05:00,1109.88,1109.88,1109.71,1109.71,0,0,0
2019-12-18 13:29:00-05:00,1109.71,1109.71,1109.71,1109.71,0,0,0
2019-12-18 13:30:00-05:00,1109.71,1109.86,1109.71,1109.81,0,0,0
2019-12-18 13:31:00-05:00,1109.81,1109.82,1109.77,1109.82,0,0,0
2019-12-18 13:32:00-05:00,1109.82,1110.03,1109.82,1109.93,0,0,0
2019-12-18 13:33:00-05:00,1109.93,1110.21,1109.93,1110.21,0,0,0
2019-12-18 13:34:00-05:00,1110.21,1110.27,1110.17,1110.17,0,0,0
2019-12-18 13:35:00-05:00,1110.17,1110.2,1110.01,1110.01,0,0,0
2019-12-18 13:36:00-05:00,1110.01,1110.19,1110.01,1110.13,0,0,0
2019-12-18 13:37:00-05:00,1110.13,1110.79,1110.13,1110.79,0,0,0
2019-12-18 13:38:00-05:00,1110.79,1110.79,1110.53,1110.53,0,0,0
2019-12-18 13:39:00-05:00,1110.53,1110.53,1110.46,1110.51,0,0,0
2019-12-18 13:40:00-05:00,1110.51,1110.61,1110.38,1110.47,0,0,0
2019-12-18 13:41:00-05:00,1110.47,1110.47,1110.29,1110.35,0,0,0
2019-12-18 13:42:00-05:00,1110.35,1110.35,1110.27,1110.27,0,0,0
2019-12-18 13:43:00-05:00,1110.27,1110.35,1110.23,1110.23,0,0,0
2019-12-18 13:44:00-05:00,1110.23,1110.23,1110.04,1110.04,0,0,0
2019-12-18 13:45:00-05:00,1110.04,1110.09,1109.98,1110.09,0,0,0
2019-12-18 13:46:00-05:00,1110.09,1110.1,1110.02,1110.1,0,0,0
2019-12-18 13:47:00-05:00,1110.1,1110.15,1109.89,1109.89,0,0,0
2019-12-18 13:48:00-05:00,1109.89,1109.89,1109.1,1109.1,0,0,0
2019-12-18 13:49:00-05:00,1109.1,1109.13,1109.03,1109.1,0,0,0
2019-12-18 13:50:00-05:00,1109.1,1109.27,1109.1,1109.27,0,0,0
2019-12-18 13:51:00-05:00,1109.27,1109.4,1109.27,1109.4,0,0,0
2019-12-18 13:52:00-05:00,1109.34,1109.47,1109.34,1109.47,0,0,0
2019-12-18 13:53:00-05:00,1109.47,1109.5,1109.47,1109.5,0,0,0
2019-12-18 13:54:00-05:00,1109.5,1109.57,1109.5,1109.57,0,0,0
2019-12-18 13:55:00-05:00,1109.57,1109.84,1109.57,1109.84,0,0,0
2019-12-18 13:56:00-05:00,1109.84,1109.96,1109.84,1109.95,0,0,0
2019-12-18 13:57:00-05:00,1109.95,1109.95,1109.77,1109.77,0,0,0
2019-12-18 13:58:00-05:00,1109.77,1109.77,1109.57,1109.63,0,0,0
2019-12-18 13:59:00-05:00,1109.63,1109.66,1109.5,1109.63,0,0,0
2019-12-18 14:00:00-05:00,1109.66,1109.66,1109.45,1109.45,0,0,0
2019-12-18 14:01:00-05:00,1109.45,1109.53,1109.45,1109.53,0,0,0
2019-12-18 14:02:00-05:00,1109.52,1109.53,1109.41,1109.41,0,0,0
2019-12-18 14:03:00-05:00,1109.36,1109.36,1109.24,1109.24,0,0,0
2019-12-18 14:04:00-05:00,1109.24,1109.4,1109.24,1109.4,0,0,0
2019-12-18 14:05:00-05:00,1109.4,1109.4,1109.27,1109.4,0,0,0
2019-12-18 14:06:00-05:00,1109.4,1109.6,1109.4,1109.6,0,0,0
2019-12-18 14:07:00-05:00,1109.57,1109.87,1109.57,1109.87,0,0,0
2019-12-18 14:08:00-05:00,1109.81,1109.9,1109.81,1109.88,0,0,0
2019-12-18 14:09:00-05:00,1109.88,1109.89,1109.8,1109.8,0,0,0
2019-12-18 14:10:00-05:00,1109.8,1109.85,1109.73,1109.85,0,0,0
2019-12-18 14:11:00-05:00,1109.85,1109.85,1109.77,1109.78,0,0,0
2019-12-18 14:12:00-05:00,1109.78,1109.87,1109.77,1109.77,0,0,0
2019-12-18 14:13:00-05:00,1109.77,1109.9,1109.63,1109.68,0,0,0
2019-12-18 14:14:00-05:00,1109.71,1109.84,1109.71,1109.84,0,0,0
2019-12-18 14:15:00-05:00,1109.84,1109.95,1109.65,1109.65,0,0,0
2019-12-18 14:16:00-05:00,1109.65,1109.65,1109.52,1109.52,0,0,0
2019-12-18 14:17:00-05:00,1109.52,1109.93,1109.52,1109.93,0,0,0
2019-12-18 14:18:00-05:00,1109.93,1110.03,1109.88,1109.93,0,0,0
2019-12-18 14:19:00-05:00,1109.93,1109.99,1109.73,1109.79,0,0,0
2019-12-18 14:20:00-05:00,1109.79,1109.8,1109.74,1109.74,0,0,0
2019-12-18 14:21:00-05:00,1109.74,1109.83,1109.29,1109.29,0,0,0
2019-12-18 14:22:00-05:00,1109.26,1109.26,1108.84,1108.88,0,0,0
2019-12-18 14:23:00-05:00,1108.88,1109.21,1108.83,1109.21,0,0,0
2019-12-18 14:24:00-05:00,1109.03,1109.05,1109.03,1109.05,0,0,0
2019-12-18 14:25:00-05:00,1109.05,1109.29,1109.05,1109.22,0,0,0
2019-12-18 14:26:00-05:00,1109.37,1109.37,1109.06,1109.06,0,0,0
2019-12-18 14:27:00-05:00,1109.06,1109.06,1109.0,1109.0,0,0,0
2019-12-18 14:28:00-05:00,1109.0,1109.08,1109.0,1109.08,0,0,0
2019-12-18 14:29:00-05:00,1109.08,1109.26,1108.97,1108.97,0,0,0
2019-12-18 14:30:00-05:00,1109.02,1109.02,1108.84,1108.86,0,0,0
2019-12-18 14:31:00-05:00,1108.86,1109.16,1108.86,1109.16,0,0,0
2019-12-18 14:32:00-05:00,1109.16,1109.28,1109.1,1109.27,0,0,0
2019-12-18 14:33:00-05:00,1109.27,1110.2,1109.27,1110.2,0,0,0
2019-12-18 14:34:00-05:00,1110.2,1110.35,1110.19,1110.23,0,0,0
2019-12-18 14:35:00-05:00,1110.23,1110.26,1110.17,1110.2,0,0,0
2019-12-18 14:36:00-05:00,1110.28,1110.37,1110.21,1110.21,0,0,0
2019-12-18 14:37:00-05:00,1110.21,1110.32,1110.17,1110.32,0,0,0
2019-12-18 14:38:00-05:00,1110.32,1110.46,1110.32,1110.32,0,0,0
2019-12-18 14:39:00-05:00,1110.32,1110.37,1110.28,1110.37,0,0,0
2019-12-18 14:40:00-05:00,1110.37,1110.38,1110.29,1110.3,0,0,0
2019-12-18 14:41:00-05:00,1110.3,1110.3,1110.0,1110.0,0,0,0
2019-12-18 14:42:00-05:00,1110.0,1110.01,1109.8,1110.01,0,0,0
2019-12-18 14:43:00-05:00,1110.01,1110.06,1110.0,1110.06,0,0,0
2019-12-18 14:44:00-05:00,1110.06,1110.4,1110.06,1110.4,0,0,0
2019-12-18 14:45:00-05:00,1110.43,1110.51,1110.43,1110.51,0,0,0
2019-12-18 14:46:00-05:00,1110.54,1110.67,1110.46,1110.52,0,0,0
2019-12-18 14:47:00-05:00,1110.46,1110.49,1110.34,1110.49,0,0,0
2019-12-18 14:48:00-05:00,1110.49,1110.61,1110.31,1110.31,0,0,0
2019-12-18 14:49:00-05:00,1110.31,1110.57,1110.31,1110.57,0,0,0
2019-12-18 14:50:00-05:00,1110.5,1110.56,1110.5,1110.54,0,0,0
2019-12-18 14:51:00-05:00,1110.54,1110.7,1110.52,1110.52,0,0,0
2019-12-18 14:52:00-05:00,1110.52,1110.54,1110.44,1110.47,0,0,0
2019-12-18 14:53:00-05:00,1110.47,1110.47,1110.22,1110.22,0,0,0
2019-12-18 14:54:00-05:00,1110.16,1110.16,1109.76,1109.76,0,0,0
2019-12-18 14:55:00-05:00,1109.76,1109.83,1109.72,1109.82,0,0,0
2019-12-18 14:56:00-05:00,1109.82,1109.94,1109.82,1109.94,0,0,0
2019-12-18 14:57:00-05:00,1109.94,1110.03,1109.88,1109.88,0,0,0
2019-12-18 14:58:00-05:00,1109.88,1109.88,1109.82,1109.82,0,0,0
2019-12-18 14:59:00-05:00,1110.03,1110.32,1110.0,1110.32,0,0,0
2019-12-18 15:00:00-05:00,1110.32,1110.42,1110.29,1110.42,0,0,0
2019-12-18 15:01:00-05:00,1110.42,1110.6,1110.42,1110.42,0,0,0
2019-12-18 15:02:00-05:00,1110.4,1110.4,1110.06,1110.06,0,0,0
2019-12-18 15:03:00-05:00,1110.06,1110.06,1109.82,1109.94,0,0,0
2019-12-18 15:04:00-05:00,1109.94,1110.0,1109.89,1109.9,0,0,0
2019-12-18 15:05:00-05:00,1109.9,1109.9,1109.72,1109.72,0,0,0
2019-12-18 15:06:00-05:00,1109.66,1109.66,1109.52,1109.52,0,0,0
2019-12-18 15:07:00-05:00,1109.52,1109.52,1108.63,1108.63,0,0,0
2019-12-18 15:08:00-05:00,1108.57,1108.57,1108.35,1108.5,0,0,0
2019-12-18 15:09:00-05:00,1108.5,1108.67,1108.5,1108.67,0,0,0
2019-12-18 15:10:00-05:00,1108.67,1108.83,1108.64,1108.76,0,0,0
2019-12-18 15:11:00-05:00,1108.76,1108.92,1108.76,1108.8,0,0,0
2019-12-18 15:12:00-05:00,1108.8,1108.8,1108.7,1108.7,0,0,0
2019-12-18 15:13:00-05:00,1108.7,1108.7,1108.46,1108.62,0,0,0
2019-12-18 15:14:00-05:00,1108.59,1108.59,1108.04,1108.04,0,0,0
2019-12-18 15:15:00-05:00,1108.04,1108.37,1108.0,1108.37,0,0,0
2019-12-18 15:16:00-05:00,1108.37,1108.42,1108.36,1108.36,0,0,0
2019-12-18 15:17:00-05:00,1108.36,1108.36,1107.93,1107.93,0,0,0
2019-12-18 15:18:00-05:00,1107.93,1107.93,1107.82,1107.9,0,0,0
2019-12-18 15:19:00-05:00,1107.9,1108.13,1107.9,1108.03,0,0,0
2019-12-18 15:20:00-05:00,1108.06,1108.12,1107.98,1108.01,0,0,0
2019-12-18 15:21:00-05:00,1107.99,1108.16,1107.99,1108.1,0,0,0
2019-12-18 15:22:00-05:00,1108.1,1108.29,1108.1,1108.14,0,0,0
2019-12-18 15:23:00-05:00,1108.14,1108.39,1108.14,1108.31,0,0,0
2019-12-18 15:24:00-05:00,1108.31,1108.31,1108.21,1108.21,0,0,0
2019-12-18 15:25:00-05:00,1108.21,1108.29,1108.1,1108.1,0,0,0
2019-12-18 15:26:00-05:00,1108.1,1108.15,1107.92,1107.95,0,0,0
2019-12-18 15:27:00-05:00,1107.95,1107.95,1107.88,1107.88,0,0,0
2019-12-18 15:28:00-05:00,1107.88,1107.88,1107.39,1107.82,0,0,0
2019-12-18 15:29:00-05:00,1107.79,1107.79,1107.79,1107.79,0,0,0
2019-12-18 15:30:00-05:00,1107.79,1107.79,1107.54,1107.65,0,0,0
2019-12-18 15:31:00-05:00,1107.65,1107.93,1107.58,1107.58,0,0,0
2019-12-18 15:32:00-05:00,1107.58,1107.61,1107.46,1107.46,0,0,0
2019-12-18 15:33:00-05:00,1107.46,1107.55,1107.46,1107.46,0,0,0
2019-12-18 15:34:00-05:00,1107.46,1107.6,1107.36,1107.36,0,0,0
2019-12-18 15:35:00-05:00,1107.31,1107.8,1107.27,1107.8,0,0,0
2019-12-18 15:36:00-05:00,1107.94,1108.17,1107.94,1108.14,0,0,0
2019-12-18 15:37:00-05:00,1108.14,1108.14,1107.89,1107.89,0,0,0
2019-12-18 15:38:00-05:00,1107.89,1108.11,1107.89,1108.07,0,0,0
2019-12-18 15:39:00-05:00,1107.93,1108.05,1107.74,1108.05,0,0,0
2019-12-18 15:40:00-05:00,1108.05,1108.2,1108.0,1108.2,0,0,0
2019-12-18 15:41:00-05:00,1108.2,1108.22,1108.04,1108.13,0,0,0
2019-12-18 15:42:00-05:00,1108.13,1108.48,1108.13,1108.42,0,0,0
2019-12-18 15:43:00-05:00,1108.27,1108.27,1108.19,1108.27,0,0,0
2019-12-18 15:44:00-05:00,1108.28,1108.42,1108.09,1108.09,0,0,0
2019-12-18 15:45:00-05:00,1108.09,1108.09,1107.96,1108.05,0,0,0
2019-12-18 15:46:00-05:00,1108.11,1108.11,1107.74,1107.77,0,0,0
2019-12-18 15:47:00-05:00,1107.77,1107.77,1107.6,1107.62,0,0,0
2019-12-18 15:48:00-05:00,1107.62,1107.62,1107.26,1107.4,0,0,0
2019-12-18 15:49:00-05:00,1107.42,1107.53,1107.28,1107.28,0,0,0
2019-12-18 15:50:00-05:00,1107.1,1107.24,1107.08,1107.15,0,0,0
2019-12-18 15:51:00-05:00,1107.15,1107.24,1107.09,1107.11,0,0,0
2019-12-18 15:52:00-05:00,1107.05,1107.29,1107.05,1107.29,0,0,0
2019-12-18 15:53:00-05:00,1107.23,1107.36,1107.18,1107.31,0,0,0
2019-12-18 15:54:00-05:00,1107.41,1107.61,1106.86,1106.86,0,0,0
2019-12-18 15:55:00-05:00,1106.77,1106.98,1106.77,1106.81,0,0,0
2019-12-18 15:56:00-05:00,1106.86,1107.2,1106.86,1107.08,0,0,0
2019-12-18 15:57:00-05:00,1107.05,1107.05,1106.84,1106.87,0,0,0
2019-12-18 15:58:00-05:00,1106.91,1107.07,1106.86,1107.04,0,0,0
2019-12-18 15:59:00-05:00,1107.15,1107.63,1106.69,1106.69,0,0,0
2019-12-19 09:30:00-05:00,1107.22,1107.57,1107.22,1107.57,0,0,0
2019-12-19 09:31:00-05:00,1107.57,1108.94,1107.57,1108.94,0,0,0
2019-12-19 09:32:00-05:00,1108.94,1110.54,1108.94,1110.49,0,0,0
2019-12-19 09:33:00-05:00,1110.54,1111.53,1110.54,1111.3,0,0,0
2019-12-19 09:34:00-05:00,1111.58,1111.66,1110.79,1110.9,0,0,0
2019-12-19 09:35:00-05:00,1111.03,1112.23,1111.03,1111.53,0,0,0
2019-12-19 09:36:00-05:00,1111.53,1111.92,1111.53,1111.61,0,0,0
2019-12-19 09:37:00-05:00,1111.59,1111.97,1111.59,1111.94,0,0,0
2019-12-19 09:38:00-05:00,1111.27,1111.27,1110.43,1110.6,0,0,0
2019-12-19 09:39:00-05:00,1110.6,1110.65,1109.09,1109.41,0,0,0
2019-12-19 09:40:00-05:00,1109.3,1110.28,1109.26,1110.28,0,0,0
2019-12-19 09:41:00-05:00,1110.28,1111.07,1110.09,1111.05,0,0,0
2019-12-19 09:42:00-05:00,1111.31,1111.37,1111.11,1111.14,0,0,0
2019-12-19 09:43:00-05:00,1111.14,1111.14,1110.05,1110.05,0,0,0
2019-12-19 09:44:00-05:00,1109.75,1110.04,1109.75,1109.99,0,0,0
2019-12-19 09:45:00-05:00,1109.99,1110.15,1109.79,1109.79,0,0,0
2019-12-19 09:46:00-05:00,1109.79,1109.79,1109.11,1109.32,0,0,0
2019-12-19 09:47:00-05:00,1109.68,1109.98,1109.68,1109.98,0,0,0
2019-12-19 09:48:00-05:00,1109.98,1111.02,1109.98,1111.02,0,0,0
2019-12-19 09:49:00-05:00,1111.23,1111.23,1110.63,1110.63,0,0,0
2019-12-19 09:50:00-05:00,1110.63,1112.16,1110.63,1112.16,0,0,0
2019-12-19 09:51:00-05:00,1112.44,1113.01,1112.44,1113.01,0,0,0
2019-12-19 09:52:00-05:00,1113.01,1113.15,1112.83,1112.98,0,0,0
2019-12-19 09:53:00-05:00,1113.19,1113.31,1112.95,1112.95,0,0,0
2019-12-19 09:54:00-05:00,1112.98,1112.98,1112.77,1112.81,0,0,0
2019-12-19 09:55:00-05:00,1112.81,1112.81,1112.38,1112.38,0,0,0
2019-12-19 09:56:00-05:00,1112.38,1112.8,1112.38,1112.8,0,0,0
2019-12-19 09:57:00-05:00,1112.58,1113.1,1112.58,1112.6,0,0,0
2019-12-19 09:58:00-05:00,1112.58,1112.58,1112.21,1112.21,0,0,0
2019-12-19 09:59:00-05:00,1112.21,1113.38,1112.2,1113.38,0,0,0
2019-12-19 10:00:00-05:00,1113.46,1113.66,1113.4,1113.66,0,0,0
2019-12-19 10:01:00-05:00,1113.79,1114.03,1113.73,1114.03,0,0,0
2019-12-19 10:02:00-05:00,1113.68,1113.8,1113.5,1113.8,0,0,0
2019-12-19 10:03:00-05:00,1113.77,1113.92,1113.06,1113.08,0,0,0
2019-12-19 10:04:00-05:00,1113.08,1113.68,1112.97,1113.42,0,0,0
2019-12-19 10:05:00-05:00,1113.43,1113.65,1113.43,1113.62,0,0,0
2019-12-19 10:06:00-05:00,1113.62,1113.94,1113.56,1113.69,0,0,0
2019-12-19 10:07:00-05:00,1113.69,1113.94,1113.69,1113.94,0,0,0
2019-12-19 10:08:00-05:00,1114.16,1114.22,1113.79,1114.02,0,0,0
2019-12-19 10:09:00-05:00,1114.02,1114.39,1114.02,1114.39,0,0,0
2019-12-19 10:10:00-05:00,1114.41,1114.83,1114.41,1114.83,0,0,0
2019-12-19 10:11:00-05:00,1114.83,1114.94,1114.6,1114.6,0,0,0
2019-12-19 10:12:00-05:00,1114.6,1114.76,1114.5,1114.62,0,0,0
2019-12-19 10:13:00-05:00,1114.08,1114.14,1113.96,1113.96,0,0,0
2019-12-19 10:14:00-05:00,1113.96,1113.96,1113.79,1113.86,0,0,0
2019-12-19 10:15:00-05:00,1113.86,1114.11,1113.86,1113.86,0,0,0
2019-12-19 10:16:00-05:00,1113.9,1114.06,1113.9,1113.95,0,0,0
2019-12-19 10:17:00-05:00,1113.95,1113.95,1113.68,1113.71,0,0,0
2019-12-19 10:18:00-05:00,1113.75,1113.89,1113.44,1113.44,0,0,0
2019-12-19 10:19:00-05:00,1113.6,1114.24,1113.6,1114.24,0,0,0
2019-12-19 10:20:00-05:00,1114.05,1114.14,1113.88,1114.14,0,0,0
2019-12-19 10:21:00-05:00,1114.15,1114.4,1114.15,1114.4,0,0,0
2019-12-19 10:22:00-05:00,1114.47,1114.72,1114.26,1114.61,0,0,0
2019-12-19 10:23:00-05:00,1114.61,1114.94,1114.61,1114.94,0,0,0
2019-12-19 10:24:00-05:00,1114.94,1114.98,1114.71,1114.98,0,0,0
2019-12-19 10:25:00-05:00,1115.03,1115.38,1115.03,1115.38,0,0,0
2019-12-19 10:26:00-05:00,1115.41,1115.41,1115.12,1115.16,0,0,0
2019-12-19 10:27:00-05:00,1115.24,1115.24,1114.86,1114.91,0,0,0
2019-12-19 10:28:00-05:00,1114.91,1115.68,1114.91,1115.67,0,0,0
2019-12-19 10:29:00-05:00,1115.67,1115.73,1115.56,1115.73,0,0,0
2019-12-19 10:30:00-05:00,1115.61,1116.11,1115.57,1115.73,0,0,0
2019-12-19 10:31:00-05:00,1115.83,1116.17,1115.83,1116.17,0,0,0
2019-12-19 10:32:00-05:00,1116.3,1116.38,1115.98,1115.98,0,0,0
2019-12-19 10:33:00-05:00,1116.13,1116.22,1115.83,1115.83,0,0,0
2019-12-19 10:34:00-05:00,1115.83,1116.55,1115.83,1116.53,0,0,0
2019-12-19 10:35:00-05:00,1116.86,1117.01,1116.53,1116.8,0,0,0
2019-12-19 10:36:00-05:00,1116.8,1116.8,1116.47,1116.5,0,0,0
2019-12-19 10:37:00-05:00,1116.5,1116.5,1116.21,1116.21,0,0,0
2019-12-19 10:38:00-05:00,1116.21,1117.26,1116.19,1117.26,0,0,0
2019-12-19 10:39:00-05:00,1117.57,1117.57,1117.43,1117.43,0,0,0
2019-12-19 10:40:00-05:00,1117.43,1117.52,1117.39,1117.52,0,0,0
2019-12-19 10:41:00-05:00,1117.57,1117.78,1117.51,1117.78,0,0,0
2019-12-19 10:42:00-05:00,1117.78,1118.12,1117.78,1118.01,0,0,0
2019-12-19 10:43:00-05:00,1118.16,1118.54,1118.16,1118.51,0,0,0
2019-12-19 10:44:00-05:00,1118.82,1118.82,1118.26,1118.33,0,0,0
2019-12-19 10:45:00-05:00,1118.26,1118.26,1118.14,1118.19,0,0,0
2019-12-19 10:46:00-05:00,1118.19,1118.19,1117.73,1117.73,0,0,0
2019-12-19 10:47:00-05:00,1117.6,1118.0,1117.6,1118.0,0,0,0
2019-12-19 10:48:00-05:00,1118.0,1118.0,1117.88,1117.98,0,0,0
2019-12-19 10:49:00-05:00,1117.84,1117.84,1117.68,1117.79,0,0,0
2019-12-19 10:50:00-05:00,1117.79,1117.92,1117.73,1117.73,0,0,0
2019-12-19 10:51:00-05:00,1117.89,1118.12,1117.75,1117.75,0,0,0
2019-12-19 10:52:00-05:00,1117.75,1117.83,1117.27,1117.27,0,0,0
2019-12-19 10:53:00-05:00,1117.0,1117.49,1117.0,1117.49,0,0,0
2019-12-19 10:54:00-05:00,1117.49,1117.51,1117.0,1117.06,0,0,0
2019-12-19 10:55:00-05:00,1117.03,1117.06,1116.98,1116.98,0,0,0
2019-12-19 10:56:00-05:00,1116.98,1116.98,1116.92,1116.94,0,0,0
2019-12-19 10:57:00-05:00,1116.94,1116.98,1116.75,1116.78,0,0,0
2019-12-19 10:58:00-05:00,1116.58,1116.88,1116.36,1116.42,0,0,0
2019-12-19 10:59:00-05:00,1116.42,1116.76,1116.4,1116.7,0,0,0
2019-12-19 11:00:00-05:00,1116.7,1116.74,1116.46,1116.68,0,0,0
2019-12-19 11:01:00-05:00,1116.68,1116.68,1116.34,1116.34,0,0,0
2019-12-19 11:02:00-05:00,1116.34,1116.49,1116.24,1116.24,0,0,0
2019-12-19 11:03:00-05:00,1116.13,1116.4,1116.13,1116.32,0,0,0
2019-12-19 11:04:00-05:00,1116.32,1116.73,1116.32,1116.73,0,0,0
2019-12-19 11:05:00-05:00,1116.85,1117.22,1116.83,1117.22,0,0,0
2019-12-19 11:06:00-05:00,1117.22,1117.23,1117.08,1117.22,0,0,0
2019-12-19 11:07:00-05:00,1117.22,1117.59,1117.22,1117.55,0,0,0
2019-12-19 11:08:00-05:00,1117.58,1117.61,1117.35,1117.39,0,0,0
2019-12-19 11:09:00-05:00,1117.42,1117.54,1117.42,1117.5,0,0,0
2019-12-19 11:10:00-05:00,1117.5,1117.65,1117.31,1117.44,0,0,0
2019-12-19 11:11:00-05:00,1117.35,1117.41,1117.07,1117.11,0,0,0
2019-12-19 11:12:00-05:00,1117.11,1117.11,1116.97,1117.09,0,0,0
2019-12-19 11:13:00-05:00,1117.19,1117.25,1117.17,1117.25,0,0,0
2019-12-19 11:14:00-05:00,1117.25,1117.5,1117.25,1117.25,0,0,0
2019-12-19 11:15:00-05:00,1117.25,1117.25,1117.05,1117.13,0,0,0
2019-12-19 11:16:00-05:00,1116.94,1116.94,1116.32,1116.32,0,0,0
2019-12-19 11:17:00-05:00,1116.32,1116.59,1116.32,1116.59,0,0,0
2019-12-19 11:18:00-05:00,1116.59,1116.68,1116.59,1116.68,0,0,0
2019-12-19 11:19:00-05:00,1116.68,1116.72,1116.58,1116.58,0,0,0
2019-12-19 11:20:00-05:00,1116.58,1117.27,1116.58,1117.27,0,0,0
2019-12-19 11:21:00-05:00,1117.27,1117.42,1117.27,1117.35,0,0,0
2019-12-19 11:22:00-05:00,1117.22,1117.45,1117.22,1117.41,0,0,0
2019-12-19 11:23:00-05:00,1117.41,1117.47,1117.3,1117.3,0,0,0
2019-12-19 11:24:00-05:00,1117.3,1117.42,1117.3,1117.41,0,0,0
2019-12-19 11:25:00-05:00,1117.41,1117.56,1117.38,1117.43,0,0,0
2019-12-19 11:26:00-05:00,1117.21,1117.21,1117.08,1117.08,0,0,0
2019-12-19 11:27:00-05:00,1117.17,1117.18,1117.15,1117.15,0,0,0
2019-12-19 11:28:00-05:00,1116.99,1116.99,1116.9,1116.96,0,0,0
2019-12-19 11:29:00-05:00,1117.06,1117.14,1116.31,1116.37,0,0,0
2019-12-19 11:30:00-05:00,1116.24,1116.24,1116.18,1116.24,0,0,0
2019-12-19 11:31:00-05:00,1116.24,1116.69,1116.24,1116.61,0,0,0
2019-12-19 11:32:00-05:00,1116.56,1116.56,1116.24,1116.44,0,0,0
2019-12-19 11:33:00-05:00,1116.44,1116.53,1116.44,1116.52,0,0,0
2019-12-19 11:34:00-05:00,1116.52,1116.89,1116.5,1116.89,0,0,0
2019-12-19 11:35:00-05:00,1116.83,1116.84,1116.72,1116.72,0,0,0
2019-12-19 11:36:00-05:00,1116.72,1116.72,1116.47,1116.47,0,0,0
2019-12-19 11:37:00-05:00,1116.47,1116.76,1116.47,1116.71,0,0,0
2019-12-19 11:38:00-05:00,1116.71,1117.01,1116.71,1116.95,0,0,0
2019-12-19 11:39:00-05:00,1116.95,1116.99,1116.93,1116.93,0,0,0
2019-12-19 11:40:00-05:00,1116.93,1117.01,1116.92,1116.92,0,0,0
2019-12-19 11:41:00-05:00,1116.92,1116.92,1116.82,1116.82,0,0,0
2019-12-19 11:42:00-05:00,1116.82,1117.05,1116.82,1116.93,0,0,0
2019-12-19 11:43:00-05:00,1116.93,1117.15,1116.71,1117.15,0,0,0
2019-12-19 11:44:00-05:00,1117.15,1117.25,1117.07,1117.13,0,0,0
2019-12-19 11:45:00-05:00,1117.02,1117.02,1116.8,1116.83,0,0,0
2019-12-19 11:46:00-05:00,1116.79,1116.93,1116.79,1116.8,0,0,0
2019-12-19 11:47:00-05:00,1116.8,1117.17,1116.8,1117.17,0,0,0
2019-12-19 11:48:00-05:00,1117.17,1117.19,1117.01,1117.04,0,0,0
2019-12-19 11:49:00-05:00,1117.04,1117.16,1116.94,1116.94,0,0,0
2019-12-19 11:50:00-05:00,1116.94,1116.94,1116.7,1116.7,0,0,0
2019-12-19 11:51:00-05:00,1116.7,1117.37,1116.7,1117.18,0,0,0
2019-12-19 11:52:00-05:00,1117.16,1117.51,1117.16,1117.51,0,0,0
2019-12-19 11:53:00-05:00,1117.51,1117.84,1117.51,1117.67,0,0,0
2019-12-19 11:54:00-05:00,1117.64,1117.72,1117.64,1117.72,0,0,0
2019-12-19 11:55:00-05:00,1117.81,1118.52,1117.81,1118.49,0,0,0
2019-12-19 11:56:00-05:00,1118.49,1118.49,1118.27,1118.27,0,0,0
2019-12-19 11:57:00-05:00,1118.39,1118.39,1117.89,1117.89,0,0,0
2019-12-19 11:58:00-05:00,1117.87,1117.87,1117.82,1117.82,0,0,0
2019-12-19 12:00:00-05:00,1118.11,1118.47,1118.11,1118.47,0,0,0
2019-12-19 12:01:00-05:00,1118.47,1118.5,1118.03,1118.07,0,0,0
2019-12-19 12:02:00-05:00,1118.12,1118.45,1118.12,1118.45,0,0,0
2019-12-19 12:03:00-05:00,1118.38,1118.38,1118.23,1118.23,0,0,0
2019-12-19 12:04:00-05:00,1118.23,1118.23,1118.05,1118.14,0,0,0
2019-12-19 12:05:00-05:00,1118.14,1118.37,1118.03,1118.28,0,0,0
2019-12-19 12:06:00-05:00,1118.28,1118.41,1118.14,1118.41,0,0,0
2019-12-19 12:07:00-05:00,1118.41,1119.08,1118.41,1119.08,0,0,0
2019-12-19 12:08:00-05:00,1119.08,1120.17,1119.08,1119.9,0,0,0
2019-12-19 12:09:00-05:00,1119.95,1120.25,1119.77,1120.23,0,0,0
2019-12-19 12:10:00-05:00,1120.21,1120.99,1120.21,1120.99,0,0,0
2019-12-19 12:11:00-05:00,1120.81,1121.69,1120.81,1121.67,0,0,0
2019-12-19 12:12:00-05:00,1121.67,1121.68,1121.05,1121.08,0,0,0
2019-12-19 12:13:00-05:00,1121.08,1121.62,1121.08,1121.62,0,0,0
2019-12-19 12:14:00-05:00,1121.49,1121.67,1121.32,1121.32,0,0,0
2019-12-19 12:15:00-05:00,1121.32,1121.59,1121.29,1121.29,0,0,0
2019-12-19 12:16:00-05:00,1121.29,1121.41,1121.29,1121.41,0,0,0
2019-12-19 12:17:00-05:00,1121.41,1121.48,1121.4,1121.45,0,0,0
2019-12-19 12:18:00-05:00,1121.45,1121.59,1121.31,1121.59,0,0,0
2019-12-19 12:19:00-05:00,1121.59,1121.59,1121.35,1121.4,0,0,0
2019-12-19 12:20:00-05:00,1121.4,1121.94,1121.4,1121.78,0,0,0
2019-12-19 12:21:00-05:00,1121.78,1121.84,1121.59,1121.59,0,0,0
2019-12-19 12:22:00-05:00,1121.59,1121.69,1121.56,1121.65,0,0,0
2019-12-19 12:23:00-05:00,1121.65,1121.66,1121.41,1121.44,0,0,0
2019-12-19 12:24:00-05:00,1121.44,1121.55,1121.38,1121.55,0,0,0
2019-12-19 12:25:00-05:00,1121.34,1121.34,1121.18,1121.26,0,0,0
2019-12-19 12:26:00-05:00,1121.26,1121.26,1121.0,1121.19,0,0,0
2019-12-19 12:27:00-05:00,1121.19,1121.38,1121.19,1121.27,0,0,0
2019-12-19 12:28:00-05:00,1121.27,1121.27,1120.93,1120.93,0,0,0
2019-12-19 12:29:00-05:00,1120.93,1120.95,1120.6,1120.6,0,0,0
2019-12-19 12:30:00-05:00,1120.6,1120.6,1120.36,1120.36,0,0,0
2019-12-19 12:31:00-05:00,1120.36,1120.4,1120.23,1120.4,0,0,0
2019-12-19 12:32:00-05:00,1120.37,1120.37,1120.26,1120.26,0,0,0
2019-12-19 12:33:00-05:00,1120.26,1120.36,1120.24,1120.32,0,0,0
2019-12-19 12:34:00-05:00,1120.32,1120.32,1120.2,1120.27,0,0,0
2019-12-19 12:35:00-05:00,1120.27,1120.32,1120.27,1120.32,0,0,0
2019-12-19 12:36:00-05:00,1120.32,1120.42,1120.31,1120.31,0,0,0
2019-12-19 12:37:00-05:00,1120.36,1120.45,1120.36,1120.45,0,0,0
2019-12-19 12:38:00-05:00,1120.45,1120.77,1120.4,1120.77,0,0,0
2019-12-19 12:39:00-05:00,1120.77,1120.91,1120.55,1120.55,0,0,0
2019-12-19 12:40:00-05:00,1120.55,1120.59,1120.55,1120.59,0,0,0
2019-12-19 12:41:00-05:00,1120.59,1120.8,1120.53,1120.8,0,0,0
2019-12-19 12:42:00-05:00,1120.8,1120.99,1120.8,1120.99,0,0,0
2019-12-19 12:43:00-05:00,1120.99,1121.2,1120.99,1121.06,0,0,0
2019-12-19 12:44:00-05:00,1121.05,1121.08,1121.05,1121.08,0,0,0
2019-12-19 12:45:00-05:00,1121.02,1121.33,1121.02,1121.33,0,0,0
2019-12-19 12:46:00-05:00,1121.33,1121.34,1121.25,1121.34,0,0,0
2019-12-19 12:47:00-05:00,1121.4,1121.54,1121.4,1121.54,0,0,0
2019-12-19 12:48:00-05:00,1121.51,1121.51,1121.45,1121.45,0,0,0
2019-12-19 12:49:00-05:00,1121.45,1121.45,1121.24,1121.41,0,0,0
2019-12-19 12:50:00-05:00,1121.39,1121.43,1121.19,1121.19,0,0,0
2019-12-19 12:51:00-05:00,1121.19,1121.24,1121.08,1121.21,0,0,0
2019-12-19 12:52:00-05:00,1121.21,1121.44,1121.17,1121.38,0,0,0
2019-12-19 12:53:00-05:00,1121.38,1121.48,1121.33,1121.46,0,0,0
2019-12-19 12:54:00-05:00,1121.48,1121.88,1121.46,1121.81,0,0,0
2019-12-19 12:55:00-05:00,1121.81,1121.97,1121.81,1121.97,0,0,0
2019-12-19 12:56:00-05:00,1121.97,1121.99,1121.87,1121.97,0,0,0
2019-12-19 12:57:00-05:00,1121.97,1121.97,1121.79,1121.84,0,0,0
2019-12-19 12:58:00-05:00,1121.84,1122.07,1121.84,1122.02,0,0,0
2019-12-19 12:59:00-05:00,1122.24,1122.36,1122.24,1122.35,0,0,0
2019-12-19 13:00:00-05:00,1122.35,1122.38,1122.29,1122.29,0,0,0
2019-12-19 13:01:00-05:00,1122.29,1122.29,1122.13,1122.17,0,0,0
2019-12-19 13:02:00-05:00,1122.15,1122.21,1122.15,1122.19,0,0,0
2019-12-19 13:03:00-05:00,1122.19,1122.3,1122.16,1122.25,0,0,0
2019-12-19 13:04:00-05:00,1122.25,1122.25,1122.12,1122.12,0,0,0
2019-12-19 13:05:00-05:00,1122.12,1122.39,1122.12,1122.22,0,0,0
2019-12-19 13:06:00-05:00,1122.09,1122.09,1121.8,1121.8,0,0,0
2019-12-19 13:07:00-05:00,1121.83,1121.87,1121.78,1121.87,0,0,0
2019-12-19 13:08:00-05:00,1121.87,1121.98,1121.84,1121.98,0,0,0
2019-12-19 13:09:00-05:00,1121.98,1121.98,1121.92,1121.95,0,0,0
2019-12-19 13:10:00-05:00,1121.95,1122.22,1121.95,1122.22,0,0,0
2019-12-19 13:11:00-05:00,1122.22,1122.32,1122.22,1122.32,0,0,0
2019-12-19 13:12:00-05:00,1122.32,1122.4,1122.32,1122.4,0,0,0
2019-12-19 13:13:00-05:00,1122.4,1122.6,1122.4,1122.6,0,0,0
2019-12-19 13:14:00-05:00,1122.6,1122.61,1122.25,1122.25,0,0,0
2019-12-19 13:15:00-05:00,1122.25,1122.34,1122.17,1122.34,0,0,0
2019-12-19 13:16:00-05:00,1122.34,1122.57,1122.34,1122.55,0,0,0
2019-12-19 13:17:00-05:00,1122.55,1122.59,1122.46,1122.59,0,0,0
2019-12-19 13:18:00-05:00,1122.83,1123.1,1122.83,1123.1,0,0,0
2019-12-19 13:19:00-05:00,1123.1,1123.25,1123.1,1123.11,0,0,0
2019-12-19 13:20:00-05:00,1123.11,1123.11,1123.04,1123.04,0,0,0
2019-12-19 13:21:00-05:00,1123.04,1123.27,1123.04,1123.27,0,0,0
2019-12-19 13:22:00-05:00,1123.32,1123.37,1123.32,1123.37,0,0,0
2019-12-19 13:23:00-05:00,1123.37,1123.48,1123.35,1123.47,0,0,0
2019-12-19 13:24:00-05:00,1123.47,1123.47,1123.22,1123.24,0,0,0
2019-12-19 13:25:00-05:00,1123.24,1123.24,1123.11,1123.11,0,0,0
2019-12-19 13:26:00-05:00,1123.17,1123.2,1123.11,1123.11,0,0,0
2019-12-19 13:27:00-05:00,1123.11,1123.11,1122.93,1123.01,0,0,0
2019-12-19 13:28:00-05:00,1123.01,1123.24,1123.01,1123.24,0,0,0
2019-12-19 13:29:00-05:00,1123.22,1123.35,1123.05,1123.22,0,0,0
2019-12-19 13:30:00-05:00,1123.22,1123.25,1123.2,1123.23,0,0,0
2019-12-19 13:31:00-05:00,1123.23,1123.38,1123.23,1123.38,0,0,0
2019-12-19 13:32:00-05:00,1123.38,1123.6,1123.38,1123.6,0,0,0
2019-12-19 13:33:00-05:00,1123.6,1123.71,1123.59,1123.59,0,0,0
2019-12-19 13:34:00-05:00,1123.56,1123.56,1123.39,1123.46,0,0,0
2019-12-19 13:35:00-05:00,1123.37,1123.39,1123.22,1123.37,0,0,0
2019-12-19 13:36:00-05:00,1123.37,1123.37,1123.25,1123.31,0,0,0
2019-12-19 13:37:00-05:00,1123.25,1123.55,1123.25,1123.55,0,0,0
2019-12-19 13:38:00-05:00,1123.55,1124.06,1123.55,1123.65,0,0,0
2019-12-19 13:39:00-05:00,1123.65,1123.65,1123.39,1123.39,0,0,0
2019-12-19 13:40:00-05:00,1123.33,1123.52,1123.33,1123.52,0,0,0
2019-12-19 13:41:00-05:00,1123.71,1124.24,1123.71,1124.24,0,0,0
2019-12-19 13:42:00-05:00,1124.24,1124.38,1124.24,1124.31,0,0,0
2019-12-19 13:43:00-05:00,1124.37,1124.47,1124.37,1124.38,0,0,0
2019-12-19 13:44:00-05:00,1124.43,1124.49,1124.07,1124.07,0,0,0
2019-12-19 13:45:00-05:00,1123.92,1123.92,1123.67,1123.67,0,0,0
2019-12-19 13:46:00-05:00,1123.67,1123.67,1123.32,1123.48,0,0,0
2019-12-19 13:47:00-05:00,1123.48,1123.49,1123.47,1123.49,0,0,0
2019-12-19 13:48:00-05:00,1123.52,1123.74,1123.4,1123.69,0,0,0
2019-12-19 13:49:00-05:00,1123.69,1123.82,1123.69,1123.82,0,0,0
2019-12-19 13:50:00-05:00,1123.82,1124.03,1123.82,1123.96,0,0,0
2019-12-19 13:51:00-05:00,1123.96,1124.2,1123.96,1124.2,0,0,0
2019-12-19 13:52:00-05:00,1124.28,1124.51,1124.28,1124.51,0,0,0
2019-12-19 13:53:00-05:00,1124.51,1124.59,1124.51,1124.59,0,0,0
2019-12-19 13:54:00-05:00,1124.59,1124.62,1124.56,1124.6,0,0,0
2019-12-19 13:55:00-05:00,1124.6,1125.1,1124.6,1125.05,0,0,0
2019-12-19 13:56:00-05:00,1125.0,1125.03,1124.89,1124.9,0,0,0
2019-12-19 13:57:00-05:00,1124.88,1125.52,1124.88,1125.52,0,0,0
2019-12-19 13:58:00-05:00,1125.52,1126.19,1125.52,1125.8,0,0,0
2019-12-19 13:59:00-05:00,1125.82,1125.88,1125.5,1125.6,0,0,0
2019-12-19 14:00:00-05:00,1125.58,1125.58,1125.52,1125.57,0,0,0
2019-12-19 14:01:00-05:00,1125.57,1125.57,1125.3,1125.33,0,0,0
2019-12-19 14:02:00-05:00,1125.3,1125.43,1125.3,1125.33,0,0,0
2019-12-19 14:03:00-05:00,1125.33,1125.33,1125.33,1125.33,0,0,0
2019-12-19 14:04:00-05:00,1125.33,1125.36,1125.08,1125.08,0,0,0
2019-12-19 14:05:00-05:00,1125.08,1125.08,1125.02,1125.05,0,0,0
2019-12-19 14:06:00-05:00,1125.05,1125.44,1124.99,1125.44,0,0,0
2019-12-19 14:07:00-05:00,1125.44,1125.45,1125.44,1125.45,0,0,0
2019-12-19 14:08:00-05:00,1125.45,1125.74,1125.45,1125.65,0,0,0
2019-12-19 14:09:00-05:00,1125.65,1125.81,1125.52,1125.73,0,0,0
2019-12-19 14:10:00-05:00,1125.93,1125.93,1125.29,1125.36,0,0,0
2019-12-19 14:11:00-05:00,1125.38,1125.56,1125.38,1125.5,0,0,0
2019-12-19 14:12:00-05:00,1125.5,1125.68,1125.5,1125.65,0,0,0
2019-12-19 14:13:00-05:00,1125.65,1125.73,1125.58,1125.59,0,0,0
2019-12-19 14:14:00-05:00,1125.59,1125.62,1125.51,1125.51,0,0,0
2019-12-19 14:15:00-05:00,1125.51,1125.59,1125.46,1125.52,0,0,0
2019-12-19 14:16:00-05:00,1125.52,1125.68,1125.45,1125.67,0,0,0
2019-12-19 14:17:00-05:00,1125.67,1125.74,1125.52,1125.52,0,0,0
2019-12-19 14:18:00-05:00,1125.61,1125.77,1125.61,1125.75,0,0,0
2019-12-19 14:19:00-05:00,1125.75,1125.83,1125.66,1125.71,0,0,0
2019-12-19 14:20:00-05:00,1125.71,1125.84,1125.71,1125.84,0,0,0
2019-12-19 14:21:00-05:00,1125.84,1125.84,1125.58,1125.7,0,0,0
2019-12-19 14:22:00-05:00,1125.7,1125.71,1125.42,1125.42,0,0,0
2019-12-19 14:23:00-05:00,1125.42,1125.47,1124.82,1124.88,0,0,0
2019-12-19 14:24:00-05:00,1124.88,1124.88,1124.16,1124.16,0,0,0
2019-12-19 14:25:00-05:00,1124.16,1124.2,1123.84,1123.84,0,0,0
2019-12-19 14:26:00-05:00,1123.77,1123.77,1123.69,1123.75,0,0,0
2019-12-19 14:27:00-05:00,1123.75,1123.75,1123.75,1123.75,0,0,0
2019-12-19 14:28:00-05:00,1123.75,1123.75,1123.65,1123.69,0,0,0
2019-12-19 14:29:00-05:00,1123.64,1123.64,1123.33,1123.33,0,0,0
2019-12-19 14:30:00-05:00,1123.33,1123.45,1123.3,1123.45,0,0,0
2019-12-19 14:31:00-05:00,1123.45,1123.49,1123.42,1123.45,0,0,0
2019-12-19 14:32:00-05:00,1123.42,1123.64,1123.42,1123.51,0,0,0
2019-12-19 14:33:00-05:00,1123.51,1123.77,1123.28,1123.28,0,0,0
2019-12-19 14:34:00-05:00,1123.28,1123.28,1122.92,1122.92,0,0,0
2019-12-19 14:35:00-05:00,1122.92,1123.13,1122.91,1123.12,0,0,0
2019-12-19 14:36:00-05:00,1123.09,1123.09,1122.97,1123.0,0,0,0
2019-12-19 14:37:00-05:00,1123.0,1123.07,1122.81,1123.01,0,0,0
2019-12-19 14:38:00-05:00,1122.97,1122.99,1122.63,1122.63,0,0,0
2019-12-19 14:39:00-05:00,1122.63,1122.63,1121.86,1121.86,0,0,0
2019-12-19 14:40:00-05:00,1121.86,1121.86,1121.73,1121.77,0,0,0
2019-12-19 14:41:00-05:00,1121.69,1121.72,1121.62,1121.65,0,0,0
2019-12-19 14:42:00-05:00,1121.65,1121.66,1121.6,1121.64,0,0,0
2019-12-19 14:43:00-05:00,1121.64,1121.73,1121.63,1121.63,0,0,0
2019-12-19 14:44:00-05:00,1121.63,1121.82,1121.63,1121.75,0,0,0
2019-12-19 14:45:00-05:00,1121.75,1121.75,1121.61,1121.65,0,0,0
2019-12-19 14:46:00-05:00,1121.68,1121.83,1121.32,1121.32,0,0,0
2019-12-19 14:47:00-05:00,1121.32,1121.43,1121.18,1121.18,0,0,0
2019-12-19 14:48:00-05:00,1121.07,1121.07,1120.76,1120.77,0,0,0
2019-12-19 14:49:00-05:00,1120.77,1120.86,1120.77,1120.84,0,0,0
2019-12-19 14:50:00-05:00,1120.84,1120.84,1120.44,1120.83,0,0,0
2019-12-19 14:51:00-05:00,1120.8,1120.82,1120.54,1120.82,0,0,0
2019-12-19 14:52:00-05:00,1120.82,1120.82,1120.33,1120.37,0,0,0
2019-12-19 14:53:00-05:00,1120.37,1120.38,1120.25,1120.38,0,0,0
2019-12-19 14:54:00-05:00,1120.38,1120.52,1120.31,1120.33,0,0,0
2019-12-19 14:55:00-05:00,1120.33,1120.7,1120.33,1120.64,0,0,0
2019-12-19 14:56:00-05:00,1120.64,1121.0,1120.59,1120.95,0,0,0
2019-12-19 14:57:00-05:00,1120.95,1121.33,1120.95,1121.31,0,0,0
2019-12-19 14:58:00-05:00,1121.31,1121.36,1121.21,1121.21,0,0,0
2019-12-19 14:59:00-05:00,1121.31,1121.34,1121.13,1121.25,0,0,0
2019-12-19 15:00:00-05:00,1121.36,1121.41,1121.29,1121.3,0,0,0
2019-12-19 15:01:00-05:00,1121.3,1121.36,1121.27,1121.36,0,0,0
2019-12-19 15:02:00-05:00,1121.36,1121.44,1121.06,1121.06,0,0,0
2019-12-19 15:03:00-05:00,1120.99,1121.22,1120.99,1121.19,0,0,0
2019-12-19 15:04:00-05:00,1121.19,1121.42,1121.19,1121.31,0,0,0
2019-12-19 15:05:00-05:00,1121.31,1121.31,1121.03,1121.03,0,0,0
2019-12-19 15:06:00-05:00,1120.97,1120.97,1120.86,1120.86,0,0,0
2019-12-19 15:07:00-05:00,1120.86,1120.89,1120.52,1120.6,0,0,0
2019-12-19 15:08:00-05:00,1120.6,1120.83,1120.6,1120.8,0,0,0
2019-12-19 15:09:00-05:00,1120.83,1120.89,1120.83,1120.86,0,0,0
2019-12-19 15:10:00-05:00,1120.92,1121.18,1120.92,1121.18,0,0,0
2019-12-19 15:11:00-05:00,1121.18,1121.31,1121.16,1121.31,0,0,0
2019-12-19 15:12:00-05:00,1121.27,1121.33,1120.9,1120.9,0,0,0
2019-12-19 15:13:00-05:00,1120.86,1121.04,1120.83,1121.0,0,0,0
2019-12-19 15:14:00-05:00,1120.82,1120.94,1120.8,1120.9,0,0,0
2019-12-19 15:15:00-05:00,1120.9,1121.11,1120.78,1121.11,0,0,0
2019-12-19 15:16:00-05:00,1121.11,1121.16,1120.92,1120.92,0,0,0
2019-12-19 15:17:00-05:00,1120.98,1120.98,1120.71,1120.74,0,0,0
2019-12-19 15:18:00-05:00,1120.74,1120.87,1120.64,1120.81,0,0,0
2019-12-19 15:19:00-05:00,1120.86,1121.1,1120.86,1121.1,0,0,0
2019-12-19 15:20:00-05:00,1121.1,1121.12,1121.04,1121.12,0,0,0
2019-12-19 15:21:00-05:00,1121.06,1121.1,1121.02,1121.09,0,0,0
2019-12-19 15:22:00-05:00,1121.09,1121.24,1121.09,1121.24,0,0,0
2019-12-19 15:23:00-05:00,1121.24,1121.24,1121.15,1121.17,0,0,0
2019-12-19 15:24:00-05:00,1121.17,1121.31,1121.16,1121.31,0,0,0
2019-12-19 15:25:00-05:00,1121.29,1121.29,1121.27,1121.27,0,0,0
2019-12-19 15:26:00-05:00,1121.27,1121.33,1121.24,1121.3,0,0,0
2019-12-19 15:27:00-05:00,1121.27,1121.38,1121.25,1121.38,0,0,0
2019-12-19 15:28:00-05:00,1121.35,1121.35,1121.16,1121.17,0,0,0
2019-12-19 15:29:00-05:00,1121.17,1121.92,1121.11,1121.81,0,0,0
2019-12-19 15:30:00-05:00,1121.81,1121.87,1121.77,1121.78,0,0,0
2019-12-19 15:31:00-05:00,1121.77,1121.78,1121.68,1121.77,0,0,0
2019-12-19 15:32:00-05:00,1121.77,1121.93,1121.68,1121.75,0,0,0
2019-12-19 15:33:00-05:00,1121.73,1122.1,1121.73,1122.07,0,0,0
2019-12-19 15:34:00-05:00,1122.0,1122.0,1121.79,1121.79,0,0,0
2019-12-19 15:35:00-05:00,1121.79,1121.93,1121.74,1121.86,0,0,0
2019-12-19 15:36:00-05:00,1121.8,1121.86,1121.74,1121.85,0,0,0
2019-12-19 15:37:00-05:00,1121.82,1122.04,1121.76,1121.77,0,0,0
2019-12-19 15:38:00-05:00,1121.8,1121.84,1121.72,1121.84,0,0,0
2019-12-19 15:39:00-05:00,1121.84,1121.98,1121.46,1121.46,0,0,0
2019-12-19 15:40:00-05:00,1121.43,1121.63,1121.43,1121.63,0,0,0
2019-12-19 15:41:00-05:00,1121.63,1121.74,1121.54,1121.68,0,0,0
2019-12-19 15:42:00-05:00,1121.68,1121.85,1121.68,1121.85,0,0,0
2019-12-19 15:43:00-05:00,1121.91,1122.12,1121.84,1122.12,0,0,0
2019-12-19 15:44:00-05:00,1121.99,1122.0,1121.8,1121.84,0,0,0
2019-12-19 15:45:00-05:00,1121.87,1121.97,1121.82,1121.97,0,0,0
2019-12-19 15:46:00-05:00,1121.97,1122.23,1121.88,1121.88,0,0,0
2019-12-19 15:47:00-05:00,1121.91,1121.92,1121.66,1121.79,0,0,0
2019-12-19 15:48:00-05:00,1121.79,1122.06,1121.68,1122.06,0,0,0
2019-12-19 15:49:00-05:00,1122.12,1122.15,1121.99,1121.99,0,0,0
2019-12-19 15:50:00-05:00,1121.67,1121.67,1121.33,1121.36,0,0,0
2019-12-19 15:51:00-05:00,1121.36,1121.73,1121.35,1121.73,0,0,0
2019-12-19 15:52:00-05:00,1121.8,1121.95,1121.76,1121.92,0,0,0
2019-12-19 15:53:00-05:00,1121.99,1121.99,1121.78,1121.9,0,0,0
2019-12-19 15:54:00-05:00,1121.92,1122.01,1121.75,1121.98,0,0,0
2019-12-19 15:55:00-05:00,1121.74,1121.84,1121.5,1121.76,0,0,0
2019-12-19 15:56:00-05:00,1121.74,1122.28,1121.5,1122.23,0,0,0
2019-12-19 15:57:00-05:00,1122.08,1122.08,1121.61,1121.69,0,0,0
2019-12-19 15:58:00-05:00,1121.7,1121.85,1121.59,1121.81,0,0,0
2019-12-19 15:59:00-05:00,1121.85,1122.05,1121.66,1121.88,0,0,0
2019-12-20 09:30:00-05:00,1125.27,1125.73,1125.27,1125.73,0,0,0
2019-12-20 09:31:00-05:00,1125.73,1127.36,1125.73,1127.36,0,0,0
2019-12-20 09:32:00-05:00,1127.41,1128.47,1126.54,1126.6,0,0,0
2019-12-20 09:33:00-05:00,1126.2,1126.29,1125.69,1125.87,0,0,0
2019-12-20 09:34:00-05:00,1126.87,1128.11,1126.87,1128.07,0,0,0
2019-12-20 09:35:00-05:00,1128.07,1128.66,1128.0,1128.66,0,0,0
2019-12-20 09:36:00-05:00,1128.65,1128.65,1126.67,1126.85,0,0,0
2019-12-20 09:37:00-05:00,1126.85,1127.61,1126.85,1126.93,0,0,0
2019-12-20 09:38:00-05:00,1126.58,1126.63,1125.99,1126.14,0,0,0
2019-12-20 09:39:00-05:00,1125.82,1126.79,1125.82,1126.18,0,0,0
2019-12-20 09:40:00-05:00,1126.14,1126.14,1124.81,1125.14,0,0,0
2019-12-20 09:41:00-05:00,1124.56,1124.56,1123.32,1123.32,0,0,0
2019-12-20 09:42:00-05:00,1123.35,1123.74,1123.24,1123.73,0,0,0
2019-12-20 09:43:00-05:00,1123.73,1124.35,1123.64,1124.35,0,0,0
2019-12-20 09:44:00-05:00,1124.35,1124.36,1123.57,1123.91,0,0,0
2019-12-20 09:45:00-05:00,1123.9,1125.57,1123.9,1125.57,0,0,0
2019-12-20 09:46:00-05:00,1125.57,1125.83,1125.41,1125.41,0,0,0
2019-12-20 09:47:00-05:00,1125.31,1125.64,1125.15,1125.15,0,0,0
2019-12-20 09:48:00-05:00,1125.15,1125.15,1124.46,1124.81,0,0,0
2019-12-20 09:49:00-05:00,1124.72,1125.16,1124.72,1125.16,0,0,0
2019-12-20 09:50:00-05:00,1124.96,1125.12,1124.68,1124.68,0,0,0
2019-12-20 09:51:00-05:00,1124.68,1124.98,1124.68,1124.75,0,0,0
2019-12-20 09:52:00-05:00,1124.32,1124.48,1124.31,1124.31,0,0,0
2019-12-20 09:53:00-05:00,1124.31,1124.31,1123.59,1123.68,0,0,0
2019-12-20 09:54:00-05:00,1123.68,1123.88,1123.68,1123.88,0,0,0
2019-12-20 09:55:00-05:00,1123.9,1123.9,1122.82,1122.82,0,0,0
2019-12-20 09:56:00-05:00,1122.82,1123.0,1122.82,1123.0,0,0,0
2019-12-20 09:57:00-05:00,1123.0,1123.0,1122.65,1122.65,0,0,0
2019-12-20 09:58:00-05:00,1122.65,1123.07,1122.5,1123.07,0,0,0
2019-12-20 09:59:00-05:00,1123.01,1123.24,1123.01,1123.12,0,0,0
2019-12-20 10:00:00-05:00,1122.83,1123.09,1122.65,1122.75,0,0,0
2019-12-20 10:01:00-05:00,1122.75,1123.23,1122.75,1122.95,0,0,0
2019-12-20 10:02:00-05:00,1122.95,1122.95,1121.9,1122.04,0,0,0
2019-12-20 10:03:00-05:00,1121.87,1122.35,1121.87,1121.98,0,0,0
2019-12-20 10:04:00-05:00,1121.98,1122.2,1121.98,1122.06,0,0,0
2019-12-20 10:05:00-05:00,1121.94,1121.97,1121.3,1121.3,0,0,0
2019-12-20 10:06:00-05:00,1121.33,1121.39,1120.56,1120.62,0,0,0
2019-12-20 10:07:00-05:00,1120.58,1120.96,1120.39,1120.65,0,0,0
2019-12-20 10:08:00-05:00,1120.65,1121.58,1120.65,1121.58,0,0,0
2019-12-20 10:09:00-05:00,1121.55,1121.55,1121.35,1121.35,0,0,0
2019-12-20 10:10:00-05:00,1121.56,1121.96,1121.56,1121.77,0,0,0
2019-12-20 10:11:00-05:00,1121.77,1122.1,1121.39,1121.39,0,0,0
2019-12-20 10:12:00-05:00,1121.62,1121.62,1121.26,1121.42,0,0,0
2019-12-20 10:13:00-05:00,1121.67,1121.67,1120.51,1121.11,0,0,0
2019-12-20 10:14:00-05:00,1121.16,1121.26,1121.15,1121.15,0,0,0
2019-12-20 10:15:00-05:00,1121.15,1121.15,1119.94,1119.94,0,0,0
2019-12-20 10:16:00-05:00,1120.03,1120.74,1120.03,1120.56,0,0,0
2019-12-20 10:17:00-05:00,1120.56,1120.71,1120.39,1120.43,0,0,0
2019-12-20 10:18:00-05:00,1120.43,1120.63,1120.43,1120.63,0,0,0
2019-12-20 10:19:00-05:00,1120.63,1120.74,1120.56,1120.58,0,0,0
2019-12-20 10:20:00-05:00,1120.08,1120.1,1119.71,1119.71,0,0,0
2019-12-20 10:21:00-05:00,1119.69,1120.08,1119.69,1119.78,0,0,0
2019-12-20 10:22:00-05:00,1119.71,1119.97,1119.71,1119.97,0,0,0
2019-12-20 10:23:00-05:00,1119.97,1120.11,1119.97,1120.11,0,0,0
2019-12-20 10:24:00-05:00,1119.85,1120.72,1119.85,1120.72,0,0,0
2019-12-20 10:25:00-05:00,1120.69,1120.8,1120.69,1120.74,0,0,0
2019-12-20 10:26:00-05:00,1120.66,1120.66,1120.04,1120.04,0,0,0
2019-12-20 10:27:00-05:00,1120.1,1120.47,1120.1,1120.47,0,0,0
2019-12-20 10:28:00-05:00,1120.47,1120.72,1120.47,1120.72,0,0,0
2019-12-20 10:29:00-05:00,1120.72,1120.72,1120.26,1120.44,0,0,0
2019-12-20 10:30:00-05:00,1120.44,1120.47,1120.11,1120.11,0,0,0
2019-12-20 10:31:00-05:00,1120.11,1121.02,1120.11,1120.94,0,0,0
2019-12-20 10:32:00-05:00,1121.07,1121.19,1120.91,1121.07,0,0,0
2019-12-20 10:33:00-05:00,1121.45,1121.45,1121.06,1121.19,0,0,0
2019-12-20 10:34:00-05:00,1121.12,1121.5,1120.94,1121.44,0,0,0
2019-12-20 10:35:00-05:00,1121.43,1121.43,1121.01,1121.11,0,0,0
2019-12-20 10:36:00-05:00,1121.13,1121.91,1121.04,1121.91,0,0,0
2019-12-20 10:37:00-05:00,1122.07,1122.07,1121.67,1121.77,0,0,0
2019-12-20 10:38:00-05:00,1121.77,1121.79,1121.74,1121.79,0,0,0
2019-12-20 10:39:00-05:00,1121.72,1121.85,1121.56,1121.58,0,0,0
2019-12-20 10:40:00-05:00,1121.58,1121.6,1121.58,1121.6,0,0,0
2019-12-20 10:41:00-05:00,1121.6,1121.6,1121.18,1121.18,0,0,0
2019-12-20 10:42:00-05:00,1121.18,1121.7,1121.18,1121.7,0,0,0
2019-12-20 10:43:00-05:00,1121.91,1121.95,1121.71,1121.92,0,0,0
2019-12-20 10:44:00-05:00,1121.92,1121.92,1121.69,1121.69,0,0,0
2019-12-20 10:45:00-05:00,1121.73,1121.9,1121.73,1121.89,0,0,0
2019-12-20 10:46:00-05:00,1121.89,1122.53,1121.78,1122.4,0,0,0
2019-12-20 10:47:00-05:00,1122.4,1122.81,1122.29,1122.8,0,0,0
2019-12-20 10:48:00-05:00,1122.87,1123.06,1122.39,1122.39,0,0,0
2019-12-20 10:49:00-05:00,1122.36,1122.69,1122.22,1122.69,0,0,0
2019-12-20 10:50:00-05:00,1122.67,1122.9,1122.67,1122.82,0,0,0
2019-12-20 10:51:00-05:00,1122.82,1122.83,1122.58,1122.65,0,0,0
2019-12-20 10:52:00-05:00,1122.65,1122.95,1122.52,1122.95,0,0,0
2019-12-20 10:53:00-05:00,1122.95,1123.09,1122.95,1123.09,0,0,0
2019-12-20 10:54:00-05:00,1123.03,1123.04,1122.64,1122.68,0,0,0
2019-12-20 10:55:00-05:00,1122.74,1122.74,1122.53,1122.55,0,0,0
2019-12-20 10:56:00-05:00,1122.55,1122.66,1122.47,1122.6,0,0,0
2019-12-20 10:57:00-05:00,1122.69,1122.69,1122.12,1122.12,0,0,0
2019-12-20 10:58:00-05:00,1122.27,1122.48,1122.21,1122.4,0,0,0
2019-12-20 10:59:00-05:00,1122.4,1122.4,1122.23,1122.23,0,0,0
2019-12-20 11:00:00-05:00,1122.21,1122.21,1121.06,1121.06,0,0,0
2019-12-20 11:01:00-05:00,1121.09,1121.63,1121.09,1121.61,0,0,0
2019-12-20 11:02:00-05:00,1121.56,1121.71,1121.56,1121.71,0,0,0
2019-12-20 11:03:00-05:00,1121.71,1121.75,1121.58,1121.75,0,0,0
2019-12-20 11:04:00-05:00,1122.05,1122.05,1121.52,1121.52,0,0,0
2019-12-20 11:05:00-05:00,1121.52,1121.52,1121.31,1121.47,0,0,0
2019-12-20 11:06:00-05:00,1121.45,1121.8,1121.45,1121.8,0,0,0
2019-12-20 11:07:00-05:00,1121.8,1121.88,1121.47,1121.47,0,0,0
2019-12-20 11:08:00-05:00,1121.34,1121.43,1121.34,1121.35,0,0,0
2019-12-20 11:09:00-05:00,1121.16,1121.21,1120.82,1121.21,0,0,0
2019-12-20 11:10:00-05:00,1121.21,1121.21,1120.99,1121.15,0,0,0
2019-12-20 11:11:00-05:00,1121.15,1121.15,1120.94,1121.06,0,0,0
2019-12-20 11:12:00-05:00,1121.38,1121.38,1121.25,1121.27,0,0,0
2019-12-20 11:15:00-05:00,1120.81,1120.81,1120.22,1120.37,0,0,0
2019-12-20 11:16:00-05:00,1120.37,1120.37,1120.26,1120.32,0,0,0
2019-12-20 11:17:00-05:00,1120.36,1120.94,1120.33,1120.94,0,0,0
2019-12-20 11:18:00-05:00,1120.94,1120.94,1120.76,1120.88,0,0,0
2019-12-20 11:19:00-05:00,1120.88,1120.93,1120.87,1120.93,0,0,0
2019-12-20 11:20:00-05:00,1120.93,1121.01,1120.79,1121.01,0,0,0
2019-12-20 11:21:00-05:00,1121.03,1121.41,1121.03,1121.34,0,0,0
2019-12-20 11:22:00-05:00,1121.29,1121.29,1121.22,1121.22,0,0,0
2019-12-20 11:23:00-05:00,1121.36,1121.89,1121.3,1121.77,0,0,0
2019-12-20 11:24:00-05:00,1121.77,1121.79,1121.35,1121.35,0,0,0
2019-12-20 11:25:00-05:00,1121.35,1121.44,1121.35,1121.42,0,0,0
2019-12-20 11:26:00-05:00,1121.42,1121.42,1121.13,1121.16,0,0,0
2019-12-20 11:27:00-05:00,1121.2,1121.2,1120.85,1120.85,0,0,0
2019-12-20 11:28:00-05:00,1120.85,1121.11,1120.73,1120.77,0,0,0
2019-12-20 11:29:00-05:00,1120.8,1120.8,1120.71,1120.73,0,0,0
2019-12-20 11:30:00-05:00,1120.79,1121.82,1120.73,1121.82,0,0,0
2019-12-20 11:31:00-05:00,1121.78,1121.85,1121.78,1121.85,0,0,0
2019-12-20 11:32:00-05:00,1121.85,1121.85,1121.37,1121.37,0,0,0
2019-12-20 11:33:00-05:00,1121.37,1122.47,1121.37,1122.47,0,0,0
2019-12-20 11:34:00-05:00,1122.37,1122.4,1122.37,1122.4,0,0,0
2019-12-20 11:35:00-05:00,1122.4,1122.41,1122.33,1122.41,0,0,0
2019-12-20 11:36:00-05:00,1122.73,1122.73,1122.28,1122.28,0,0,0
2019-12-20 11:37:00-05:00,1122.28,1122.3,1122.08,1122.15,0,0,0
2019-12-20 11:38:00-05:00,1122.22,1122.22,1122.03,1122.03,0,0,0
2019-12-20 11:39:00-05:00,1122.03,1122.03,1121.66,1121.74,0,0,0
2019-12-20 11:40:00-05:00,1121.74,1121.83,1121.64,1121.83,0,0,0
2019-12-20 11:41:00-05:00,1122.04,1122.22,1122.03,1122.22,0,0,0
2019-12-20 11:43:00-05:00,1121.79,1121.92,1121.79,1121.92,0,0,0
2019-12-20 11:44:00-05:00,1122.1,1122.1,1121.73,1121.73,0,0,0
2019-12-20 11:45:00-05:00,1121.73,1121.79,1121.58,1121.58,0,0,0
2019-12-20 11:46:00-05:00,1121.7,1121.7,1121.57,1121.59,0,0,0
2019-12-20 11:47:00-05:00,1121.56,1121.61,1121.56,1121.6,0,0,0
2019-12-20 11:48:00-05:00,1121.63,1121.63,1121.4,1121.54,0,0,0
2019-12-20 11:49:00-05:00,1121.64,1121.69,1121.55,1121.55,0,0,0
2019-12-20 11:50:00-05:00,1121.55,1121.65,1121.49,1121.49,0,0,0
2019-12-20 11:51:00-05:00,1121.5,1121.56,1121.41,1121.49,0,0,0
2019-12-20 11:52:00-05:00,1121.49,1121.49,1121.44,1121.44,0,0,0
2019-12-20 11:53:00-05:00,1121.44,1121.45,1121.14,1121.14,0,0,0
2019-12-20 11:54:00-05:00,1121.02,1121.58,1120.94,1121.58,0,0,0
2019-12-20 11:55:00-05:00,1121.58,1121.77,1121.58,1121.73,0,0,0
2019-12-20 11:56:00-05:00,1121.73,1121.73,1121.38,1121.55,0,0,0
2019-12-20 11:57:00-05:00,1121.55,1121.55,1121.3,1121.3,0,0,0
2019-12-20 11:58:00-05:00,1121.3,1121.36,1120.79,1120.79,0,0,0
2019-12-20 11:59:00-05:00,1120.84,1120.96,1120.84,1120.91,0,0,0
2019-12-20 12:00:00-05:00,1120.97,1121.3,1120.97,1121.3,0,0,0
2019-12-20 12:01:00-05:00,1121.3,1121.3,1120.91,1121.17,0,0,0
2019-12-20 12:02:00-05:00,1121.17,1121.34,1121.06,1121.25,0,0,0
2019-12-20 12:03:00-05:00,1121.25,1121.48,1121.25,1121.48,0,0,0
2019-12-20 12:04:00-05:00,1121.42,1121.43,1121.15,1121.15,0,0,0
2019-12-20 12:05:00-05:00,1121.15,1121.39,1121.15,1121.27,0,0,0
2019-12-20 12:06:00-05:00,1121.29,1121.29,1121.22,1121.22,0,0,0
2019-12-20 12:07:00-05:00,1121.22,1121.22,1120.89,1120.89,0,0,0
2019-12-20 12:08:00-05:00,1120.89,1121.0,1120.87,1121.0,0,0,0
2019-12-20 12:09:00-05:00,1121.0,1121.12,1120.99,1121.12,0,0,0
2019-12-20 12:10:00-05:00,1121.12,1121.24,1121.12,1121.23,0,0,0
2019-12-20 12:11:00-05:00,1121.23,1121.23,1120.77,1120.8,0,0,0
2019-12-20 12:12:00-05:00,1120.8,1120.81,1120.69,1120.8,0,0,0
2019-12-20 12:13:00-05:00,1120.8,1120.85,1120.8,1120.85,0,0,0
2019-12-20 12:14:00-05:00,1120.85,1120.99,1120.73,1120.99,0,0,0
2019-12-20 12:15:00-05:00,1120.99,1121.13,1120.86,1121.13,0,0,0
2019-12-20 12:16:00-05:00,1121.13,1121.21,1121.13,1121.21,0,0,0
2019-12-20 12:17:00-05:00,1121.32,1121.53,1121.32,1121.53,0,0,0
2019-12-20 12:18:00-05:00,1121.53,1121.76,1121.41,1121.76,0,0,0
2019-12-20 12:19:00-05:00,1121.75,1121.76,1121.65,1121.65,0,0,0
2019-12-20 12:20:00-05:00,1121.65,1121.65,1121.52,1121.52,0,0,0
2019-12-20 12:21:00-05:00,1121.52,1121.76,1121.41,1121.68,0,0,0
2019-12-20 12:22:00-05:00,1121.82,1121.82,1121.82,1121.82,0,0,0
2019-12-20 12:23:00-05:00,1121.82,1121.82,1121.73,1121.79,0,0,0
2019-12-20 12:24:00-05:00,1121.79,1121.79,1121.61,1121.68,0,0,0
2019-12-20 12:25:00-05:00,1121.61,1121.72,1121.61,1121.72,0,0,0
2019-12-20 12:26:00-05:00,1121.72,1121.72,1121.44,1121.44,0,0,0
2019-12-20 12:27:00-05:00,1121.78,1121.78,1121.59,1121.59,0,0,0
2019-12-20 12:28:00-05:00,1121.64,1121.89,1121.64,1121.83,0,0,0
2019-12-20 12:29:00-05:00,1121.83,1121.91,1121.72,1121.73,0,0,0
2019-12-20 12:30:00-05:00,1121.72,1121.94,1121.72,1121.92,0,0,0
2019-12-20 12:31:00-05:00,1121.78,1121.8,1121.75,1121.8,0,0,0
2019-12-20 12:32:00-05:00,1121.8,1121.94,1121.74,1121.74,0,0,0
2019-12-20 12:33:00-05:00,1121.93,1122.17,1121.93,1122.17,0,0,0
2019-12-20 12:34:00-05:00,1122.17,1122.18,1121.9,1121.9,0,0,0
2019-12-20 12:35:00-05:00,1121.93,1122.46,1121.93,1122.45,0,0,0
2019-12-20 12:36:00-05:00,1122.65,1122.65,1122.44,1122.44,0,0,0
2019-12-20 12:37:00-05:00,1122.44,1122.44,1121.61,1121.61,0,0,0
2019-12-20 12:38:00-05:00,1121.61,1121.92,1121.61,1121.92,0,0,0
2019-12-20 12:39:00-05:00,1121.92,1121.92,1121.67,1121.72,0,0,0
2019-12-20 12:40:00-05:00,1121.72,1121.72,1121.16,1121.21,0,0,0
2019-12-20 12:41:00-05:00,1121.21,1121.28,1121.21,1121.21,0,0,0
2019-12-20 12:42:00-05:00,1121.21,1121.21,1121.21,1121.21,0,0,0
2019-12-20 12:43:00-05:00,1121.21,1121.33,1121.21,1121.23,0,0,0
2019-12-20 12:44:00-05:00,1121.23,1121.24,1120.92,1120.92,0,0,0
2019-12-20 12:45:00-05:00,1120.92,1120.92,1120.76,1120.76,0,0,0
2019-12-20 12:46:00-05:00,1120.8,1120.91,1120.7,1120.88,0,0,0
2019-12-20 12:47:00-05:00,1120.88,1120.9,1120.72,1120.78,0,0,0
2019-12-20 12:48:00-05:00,1120.78,1120.78,1120.51,1120.51,0,0,0
2019-12-20 12:49:00-05:00,1120.51,1120.61,1120.37,1120.61,0,0,0
2019-12-20 12:50:00-05:00,1120.61,1120.8,1120.61,1120.77,0,0,0
2019-12-20 12:51:00-05:00,1120.77,1120.87,1120.63,1120.67,0,0,0
2019-12-20 12:52:00-05:00,1120.67,1120.85,1120.67,1120.8,0,0,0
2019-12-20 12:53:00-05:00,1120.78,1121.08,1120.78,1121.0,0,0,0
2019-12-20 12:54:00-05:00,1121.0,1121.0,1120.94,1120.94,0,0,0
2019-12-20 12:55:00-05:00,1120.94,1120.94,1120.79,1120.93,0,0,0
2019-12-20 12:56:00-05:00,1120.88,1120.91,1120.87,1120.87,0,0,0
2019-12-20 12:57:00-05:00,1120.87,1120.96,1120.85,1120.96,0,0,0
2019-12-20 12:58:00-05:00,1120.9,1121.03,1120.9,1121.02,0,0,0
2019-12-20 12:59:00-05:00,1121.02,1121.08,1121.01,1121.04,0,0,0
2019-12-20 13:00:00-05:00,1121.04,1121.29,1121.04,1121.19,0,0,0
2019-12-20 13:01:00-05:00,1121.19,1121.19,1121.1,1121.13,0,0,0
2019-12-20 13:02:00-05:00,1121.13,1121.14,1121.13,1121.14,0,0,0
2019-12-20 13:03:00-05:00,1121.14,1121.24,1121.11,1121.11,0,0,0
2019-12-20 13:04:00-05:00,1121.08,1121.08,1120.98,1120.98,0,0,0
2019-12-20 13:05:00-05:00,1120.98,1121.08,1120.92,1121.08,0,0,0
2019-12-20 13:06:00-05:00,1121.08,1121.11,1120.96,1121.02,0,0,0
2019-12-20 13:07:00-05:00,1121.02,1121.02,1120.84,1121.0,0,0,0
2019-12-20 13:08:00-05:00,1121.0,1121.03,1121.0,1121.01,0,0,0
2019-12-20 13:09:00-05:00,1121.01,1121.07,1120.93,1120.98,0,0,0
2019-12-20 13:10:00-05:00,1120.98,1121.15,1120.98,1121.1,0,0,0
2019-12-20 13:11:00-05:00,1121.1,1121.1,1120.87,1120.87,0,0,0
2019-12-20 13:12:00-05:00,1120.87,1120.97,1120.84,1120.94,0,0,0
2019-12-20 13:13:00-05:00,1120.94,1121.17,1120.94,1121.09,0,0,0
2019-12-20 13:14:00-05:00,1121.09,1121.09,1120.94,1120.94,0,0,0
2019-12-20 13:15:00-05:00,1120.94,1121.04,1120.94,1120.97,0,0,0
2019-12-20 13:16:00-05:00,1120.97,1120.99,1120.86,1120.99,0,0,0
2019-12-20 13:17:00-05:00,1120.92,1120.98,1120.92,1120.98,0,0,0
2019-12-20 13:18:00-05:00,1120.95,1121.13,1120.85,1121.01,0,0,0
2019-12-20 13:19:00-05:00,1121.01,1121.03,1120.98,1121.03,0,0,0
2019-12-20 13:20:00-05:00,1121.02,1121.05,1120.94,1121.03,0,0,0
2019-12-20 13:21:00-05:00,1121.03,1121.03,1121.01,1121.02,0,0,0
2019-12-20 13:22:00-05:00,1121.02,1121.04,1120.76,1120.85,0,0,0
2019-12-20 13:23:00-05:00,1120.85,1120.85,1120.72,1120.75,0,0,0
2019-12-20 13:24:00-05:00,1120.75,1120.77,1120.55,1120.55,0,0,0
2019-12-20 13:25:00-05:00,1120.52,1120.52,1120.16,1120.27,0,0,0
2019-12-20 13:26:00-05:00,1120.21,1120.48,1120.21,1120.48,0,0,0
2019-12-20 13:27:00-05:00,1120.48,1120.62,1120.35,1120.53,0,0,0
2019-12-20 13:28:00-05:00,1120.55,1120.64,1120.37,1120.59,0,0,0
2019-12-20 13:29:00-05:00,1120.64,1120.87,1120.64,1120.79,0,0,0
2019-12-20 13:30:00-05:00,1120.76,1120.91,1120.76,1120.91,0,0,0
2019-12-20 13:31:00-05:00,1120.91,1121.18,1120.91,1121.17,0,0,0
2019-12-20 13:32:00-05:00,1121.17,1121.17,1120.9,1121.0,0,0,0
2019-12-20 13:33:00-05:00,1121.0,1121.0,1120.89,1120.89,0,0,0
2019-12-20 13:34:00-05:00,1120.71,1120.71,1120.45,1120.49,0,0,0
2019-12-20 13:35:00-05:00,1120.4,1120.41,1120.21,1120.21,0,0,0
2019-12-20 13:36:00-05:00,1120.21,1120.27,1120.14,1120.14,0,0,0
2019-12-20 13:37:00-05:00,1120.21,1120.21,1120.08,1120.08,0,0,0
2019-12-20 13:38:00-05:00,1120.05,1120.05,1119.76,1119.76,0,0,0
2019-12-20 13:39:00-05:00,1119.76,1120.0,1119.71,1120.0,0,0,0
2019-12-20 13:40:00-05:00,1120.0,1120.06,1119.86,1119.86,0,0,0
2019-12-20 13:41:00-05:00,1119.86,1119.86,1119.65,1119.65,0,0,0
2019-12-20 13:42:00-05:00,1119.65,1119.65,1119.38,1119.46,0,0,0
2019-12-20 13:43:00-05:00,1119.55,1119.55,1119.23,1119.23,0,0,0
2019-12-20 13:44:00-05:00,1119.23,1119.23,1118.91,1118.99,0,0,0
2019-12-20 13:45:00-05:00,1119.05,1119.06,1118.92,1119.03,0,0,0
2019-12-20 13:46:00-05:00,1119.03,1119.34,1119.03,1119.33,0,0,0
2019-12-20 13:47:00-05:00,1119.33,1119.66,1119.33,1119.66,0,0,0
2019-12-20 13:48:00-05:00,1119.66,1119.66,1119.45,1119.46,0,0,0
2019-12-20 13:49:00-05:00,1119.45,1119.78,1119.45,1119.78,0,0,0
2019-12-20 13:50:00-05:00,1119.78,1119.78,1119.64,1119.75,0,0,0
2019-12-20 13:51:00-05:00,1119.75,1119.76,1119.63,1119.65,0,0,0
2019-12-20 13:52:00-05:00,1119.65,1119.73,1119.57,1119.67,0,0,0
2019-12-20 13:53:00-05:00,1119.67,1119.67,1119.52,1119.52,0,0,0
2019-12-20 13:54:00-05:00,1119.52,1119.52,1119.33,1119.38,0,0,0
2019-12-20 13:55:00-05:00,1119.38,1119.47,1119.27,1119.47,0,0,0
2019-12-20 13:56:00-05:00,1119.47,1120.09,1119.47,1120.09,0,0,0
2019-12-20 13:57:00-05:00,1120.09,1120.11,1120.05,1120.11,0,0,0
2019-12-20 13:58:00-05:00,1120.13,1120.13,1119.99,1119.99,0,0,0
2019-12-20 13:59:00-05:00,1120.01,1120.21,1119.93,1120.1,0,0,0
2019-12-20 14:00:00-05:00,1120.1,1120.33,1120.0,1120.33,0,0,0
2019-12-20 14:01:00-05:00,1120.33,1120.33,1120.11,1120.11,0,0,0
2019-12-20 14:02:00-05:00,1120.11,1120.11,1119.7,1119.7,0,0,0
2019-12-20 14:03:00-05:00,1119.7,1119.74,1119.69,1119.74,0,0,0
2019-12-20 14:04:00-05:00,1119.56,1119.56,1119.4,1119.46,0,0,0
2019-12-20 14:05:00-05:00,1119.46,1119.56,1119.44,1119.56,0,0,0
2019-12-20 14:06:00-05:00,1119.56,1119.71,1119.56,1119.68,0,0,0
2019-12-20 14:07:00-05:00,1119.74,1119.79,1119.66,1119.78,0,0,0
2019-12-20 14:08:00-05:00,1119.78,1120.08,1119.78,1120.08,0,0,0
2019-12-20 14:09:00-05:00,1120.08,1120.08,1119.96,1119.96,0,0,0
2019-12-20 14:10:00-05:00,1119.96,1120.0,1119.9,1119.97,0,0,0
2019-12-20 14:11:00-05:00,1119.97,1120.22,1119.97,1120.02,0,0,0
2019-12-20 14:12:00-05:00,1120.02,1120.18,1119.98,1120.14,0,0,0
2019-12-20 14:13:00-05:00,1120.14,1120.38,1120.14,1120.31,0,0,0
2019-12-20 14:14:00-05:00,1120.09,1120.14,1119.96,1120.07,0,0,0
2019-12-20 14:15:00-05:00,1120.07,1120.58,1120.07,1120.58,0,0,0
2019-12-20 14:16:00-05:00,1120.58,1120.84,1120.54,1120.84,0,0,0
2019-12-20 14:17:00-05:00,1120.95,1121.12,1120.95,1121.12,0,0,0
2019-12-20 14:18:00-05:00,1121.15,1121.38,1121.12,1121.32,0,0,0
2019-12-20 14:19:00-05:00,1121.32,1121.38,1121.21,1121.21,0,0,0
2019-12-20 14:20:00-05:00,1121.21,1121.22,1120.96,1120.96,0,0,0
2019-12-20 14:21:00-05:00,1120.96,1121.05,1120.96,1121.05,0,0,0
2019-12-20 14:22:00-05:00,1121.05,1121.37,1121.03,1121.37,0,0,0
2019-12-20 14:23:00-05:00,1121.37,1121.4,1121.34,1121.34,0,0,0
2019-12-20 14:24:00-05:00,1121.34,1121.38,1121.31,1121.38,0,0,0
2019-12-20 14:25:00-05:00,1121.38,1121.41,1121.38,1121.41,0,0,0
2019-12-20 14:26:00-05:00,1121.41,1121.55,1121.19,1121.19,0,0,0
2019-12-20 14:27:00-05:00,1121.32,1121.57,1121.29,1121.52,0,0,0
2019-12-20 14:28:00-05:00,1121.52,1121.52,1121.4,1121.4,0,0,0
2019-12-20 14:29:00-05:00,1121.4,1121.41,1121.24,1121.39,0,0,0
2019-12-20 14:30:00-05:00,1121.42,1121.53,1121.35,1121.38,0,0,0
2019-12-20 14:31:00-05:00,1121.38,1121.38,1121.19,1121.26,0,0,0
2019-12-20 14:32:00-05:00,1121.14,1121.15,1120.91,1120.91,0,0,0
2019-12-20 14:33:00-05:00,1120.91,1121.03,1120.91,1120.92,0,0,0
2019-12-20 14:34:00-05:00,1120.92,1121.05,1120.92,1120.96,0,0,0
2019-12-20 14:35:00-05:00,1121.88,1122.35,1121.83,1122.35,0,0,0
2019-12-20 14:36:00-05:00,1122.4,1122.52,1122.4,1122.44,0,0,0
2019-12-20 14:37:00-05:00,1122.44,1122.82,1122.44,1122.79,0,0,0
2019-12-20 14:38:00-05:00,1122.79,1122.79,1122.78,1122.78,0,0,0
2019-12-20 14:39:00-05:00,1122.78,1122.82,1122.78,1122.82,0,0,0
2019-12-20 14:40:00-05:00,1122.82,1122.87,1122.81,1122.87,0,0,0
2019-12-20 14:41:00-05:00,1122.87,1123.13,1122.7,1123.1,0,0,0
2019-12-20 14:42:00-05:00,1123.1,1123.21,1123.1,1123.18,0,0,0
2019-12-20 14:43:00-05:00,1123.18,1123.65,1123.18,1123.65,0,0,0
2019-12-20 14:44:00-05:00,1123.66,1123.77,1123.64,1123.71,0,0,0
2019-12-20 14:45:00-05:00,1123.71,1123.79,1123.42,1123.44,0,0,0
2019-12-20 14:46:00-05:00,1123.44,1123.54,1123.44,1123.48,0,0,0
2019-12-20 14:47:00-05:00,1123.29,1123.53,1123.29,1123.53,0,0,0
2019-12-20 14:48:00-05:00,1123.53,1123.62,1123.45,1123.52,0,0,0
2019-12-20 14:49:00-05:00,1123.52,1124.03,1123.5,1124.03,0,0,0
2019-12-20 14:50:00-05:00,1124.03,1124.03,1123.96,1123.97,0,0,0
2019-12-20 14:51:00-05:00,1123.85,1123.91,1123.84,1123.85,0,0,0
2019-12-20 14:52:00-05:00,1123.84,1124.04,1123.76,1124.04,0,0,0
2019-12-20 14:53:00-05:00,1124.04,1124.19,1124.04,1124.18,0,0,0
2019-12-20 14:54:00-05:00,1124.18,1124.56,1124.18,1124.36,0,0,0
2019-12-20 14:55:00-05:00,1124.3,1124.36,1124.26,1124.26,0,0,0
2019-12-20 14:56:00-05:00,1124.26,1124.28,1123.96,1123.99,0,0,0
2019-12-20 14:57:00-05:00,1123.99,1123.99,1123.85,1123.93,0,0,0
2019-12-20 14:58:00-05:00,1123.93,1124.2,1123.93,1124.2,0,0,0
2019-12-20 14:59:00-05:00,1124.2,1124.38,1124.2,1124.38,0,0,0
2019-12-20 15:00:00-05:00,1124.44,1124.44,1124.12,1124.17,0,0,0
2019-12-20 15:01:00-05:00,1124.17,1124.2,1123.72,1123.72,0,0,0
2019-12-20 15:02:00-05:00,1123.72,1124.36,1123.72,1124.36,0,0,0
2019-12-20 15:03:00-05:00,1124.36,1124.42,1124.32,1124.37,0,0,0
2019-12-20 15:04:00-05:00,1124.3,1124.42,1124.16,1124.28,0,0,0
2019-12-20 15:05:00-05:00,1124.28,1124.61,1124.28,1124.61,0,0,0
2019-12-20 15:06:00-05:00,1124.61,1124.64,1124.52,1124.64,0,0,0
2019-12-20 15:07:00-05:00,1124.64,1124.64,1124.35,1124.41,0,0,0
2019-12-20 15:08:00-05:00,1124.39,1124.55,1124.36,1124.54,0,0,0
2019-12-20 15:09:00-05:00,1124.54,1125.11,1124.5,1125.11,0,0,0
2019-12-20 15:10:00-05:00,1125.11,1125.34,1125.11,1125.22,0,0,0
2019-12-20 15:11:00-05:00,1125.27,1125.3,1125.15,1125.21,0,0,0
2019-12-20 15:12:00-05:00,1125.21,1125.32,1125.12,1125.24,0,0,0
2019-12-20 15:13:00-05:00,1125.26,1125.32,1125.23,1125.23,0,0,0
2019-12-20 15:14:00-05:00,1125.23,1125.23,1125.0,1125.0,0,0,0
2019-12-20 15:15:00-05:00,1125.0,1125.03,1124.75,1124.75,0,0,0
2019-12-20 15:16:00-05:00,1124.75,1124.9,1124.75,1124.9,0,0,0
2019-12-20 15:17:00-05:00,1124.85,1125.0,1124.79,1125.0,0,0,0
2019-12-20 15:18:00-05:00,1125.08,1125.61,1125.08,1125.61,0,0,0
2019-12-20 15:19:00-05:00,1125.61,1125.62,1125.36,1125.5,0,0,0
2019-12-20 15:20:00-05:00,1125.1,1125.29,1125.1,1125.29,0,0,0
2019-12-20 15:21:00-05:00,1125.2,1125.74,1125.2,1125.74,0,0,0
2019-12-20 15:22:00-05:00,1125.77,1126.26,1125.77,1126.21,0,0,0
2019-12-20 15:23:00-05:00,1126.21,1126.64,1126.17,1126.64,0,0,0
2019-12-20 15:24:00-05:00,1126.73,1126.78,1126.62,1126.71,0,0,0
2019-12-20 15:25:00-05:00,1126.61,1126.64,1126.18,1126.18,0,0,0
2019-12-20 15:26:00-05:00,1126.18,1126.21,1126.15,1126.15,0,0,0
2019-12-20 15:27:00-05:00,1126.15,1126.27,1126.15,1126.27,0,0,0
2019-12-20 15:28:00-05:00,1126.27,1126.28,1126.2,1126.21,0,0,0
2019-12-20 15:29:00-05:00,1126.21,1126.21,1125.98,1126.05,0,0,0
2019-12-20 15:30:00-05:00,1126.18,1126.22,1125.63,1125.63,0,0,0
2019-12-20 15:31:00-05:00,1125.64,1125.64,1124.92,1124.92,0,0,0
2019-12-20 15:32:00-05:00,1124.95,1125.31,1124.86,1125.31,0,0,0
2019-12-20 15:33:00-05:00,1125.34,1125.49,1125.28,1125.28,0,0,0
2019-12-20 15:34:00-05:00,1125.28,1125.28,1124.59,1124.68,0,0,0
2019-12-20 15:35:00-05:00,1124.57,1124.78,1124.54,1124.74,0,0,0
2019-12-20 15:36:00-05:00,1124.75,1124.88,1124.75,1124.88,0,0,0
2019-12-20 15:37:00-05:00,1124.88,1125.23,1124.88,1125.23,0,0,0
2019-12-20 15:38:00-05:00,1125.01,1125.01,1124.51,1124.51,0,0,0
2019-12-20 15:39:00-05:00,1124.46,1124.57,1124.35,1124.35,0,0,0
2019-12-20 15:40:00-05:00,1124.35,1124.51,1124.22,1124.22,0,0,0
2019-12-20 15:41:00-05:00,1124.28,1124.3,1124.13,1124.18,0,0,0
2019-12-20 15:42:00-05:00,1124.18,1124.23,1124.02,1124.16,0,0,0
2019-12-20 15:43:00-05:00,1124.16,1124.22,1124.02,1124.12,0,0,0
2019-12-20 15:44:00-05:00,1124.12,1124.28,1123.88,1124.24,0,0,0
2019-12-20 15:45:00-05:00,1124.26,1124.26,1123.85,1123.86,0,0,0
2019-12-20 15:46:00-05:00,1123.95,1123.95,1123.69,1123.69,0,0,0
2019-12-20 15:47:00-05:00,1123.78,1123.87,1123.49,1123.53,0,0,0
2019-12-20 15:48:00-05:00,1123.59,1123.94,1123.45,1123.48,0,0,0
2019-12-20 15:49:00-05:00,1123.48,1123.48,1123.06,1123.06,0,0,0
2019-12-20 15:50:00-05:00,1123.59,1123.61,1123.03,1123.03,0,0,0
2019-12-20 15:51:00-05:00,1122.99,1123.34,1122.94,1123.31,0,0,0
2019-12-20 15:52:00-05:00,1123.31,1123.5,1123.28,1123.5,0,0,0
2019-12-20 15:53:00-05:00,1123.52,1123.52,1123.16,1123.27,0,0,0
2019-12-20 15:54:00-05:00,1123.22,1123.65,1122.95,1123.55,0,0,0
2019-12-20 15:55:00-05:00,1124.42,1124.55,1124.13,1124.47,0,0,0
2019-12-20 15:56:00-05:00,1124.55,1124.74,1124.23,1124.23,0,0,0
2019-12-20 15:57:00-05:00,1124.1,1124.1,1123.49,1123.73,0,0,0
2019-12-20 15:58:00-05:00,1124.05,1124.17,1123.89,1124.01,0,0,0
2019-12-20 15:59:00-05:00,1124.04,1124.07,1123.24,1123.5,0,0,0
2019-12-23 09:30:00-05:00,1129.63,1129.63,1129.63,1129.63,0,0,0
2019-12-23 09:31:00-05:00,1129.63,1129.66,1129.59,1129.66,0,0,0
2019-12-23 09:33:00-05:00,1127.16,1127.41,1127.16,1127.41,0,0,0
2019-12-23 09:34:00-05:00,1127.34,1127.81,1126.41,1126.41,0,0,0
2019-12-23 09:35:00-05:00,1124.26,1124.35,1123.64,1124.35,0,0,0
2019-12-23 09:36:00-05:00,1124.35,1125.91,1124.35,1125.83,0,0,0
2019-12-23 09:37:00-05:00,1125.47,1126.04,1125.27,1125.89,0,0,0
2019-12-23 09:38:00-05:00,1125.62,1125.84,1125.04,1125.07,0,0,0
2019-12-23 09:39:00-05:00,1124.85,1124.92,1124.29,1124.29,0,0,0
2019-12-23 09:40:00-05:00,1124.33,1124.37,1123.44,1123.52,0,0,0
2019-12-23 09:41:00-05:00,1123.57,1124.17,1123.53,1123.53,0,0,0
2019-12-23 09:42:00-05:00,1123.53,1123.53,1123.1,1123.22,0,0,0
2019-12-23 09:43:00-05:00,1123.22,1123.22,1122.95,1122.95,0,0,0
2019-12-23 09:44:00-05:00,1122.68,1122.85,1122.08,1122.08,0,0,0
2019-12-23 09:45:00-05:00,1122.73,1122.83,1121.88,1121.88,0,0,0
2019-12-23 09:46:00-05:00,1121.99,1122.08,1121.69,1121.69,0,0,0
2019-12-23 09:47:00-05:00,1121.76,1122.12,1121.76,1122.05,0,0,0
2019-12-23 09:48:00-05:00,1122.17,1122.21,1121.79,1121.79,0,0,0
2019-12-23 09:49:00-05:00,1121.94,1122.0,1121.7,1121.78,0,0,0
2019-12-23 09:50:00-05:00,1121.96,1121.97,1121.59,1121.59,0,0,0
2019-12-23 09:51:00-05:00,1122.25,1122.97,1122.25,1122.84,0,0,0
2019-12-23 09:52:00-05:00,1123.02,1123.13,1123.01,1123.06,0,0,0
2019-12-23 09:53:00-05:00,1123.06,1123.23,1122.95,1123.08,0,0,0
2019-12-23 09:54:00-05:00,1123.08,1123.48,1123.02,1123.17,0,0,0
2019-12-23 09:55:00-05:00,1123.17,1123.35,1122.98,1123.35,0,0,0
2019-12-23 09:56:00-05:00,1123.35,1124.08,1123.35,1124.08,0,0,0
2019-12-23 09:57:00-05:00,1124.2,1124.64,1124.2,1124.64,0,0,0
2019-12-23 09:58:00-05:00,1124.64,1125.66,1124.64,1125.66,0,0,0
2019-12-23 09:59:00-05:00,1125.79,1125.9,1125.64,1125.7,0,0,0
2019-12-23 10:00:00-05:00,1125.68,1126.27,1125.68,1126.27,0,0,0
2019-12-23 10:01:00-05:00,1126.33,1126.83,1126.33,1126.83,0,0,0
2019-12-23 10:02:00-05:00,1126.8,1126.94,1126.56,1126.56,0,0,0
2019-12-23 10:03:00-05:00,1126.54,1126.54,1126.04,1126.49,0,0,0
2019-12-23 10:04:00-05:00,1126.51,1126.58,1126.37,1126.42,0,0,0
2019-12-23 10:05:00-05:00,1126.59,1127.04,1126.57,1126.99,0,0,0
2019-12-23 10:06:00-05:00,1126.64,1127.27,1126.64,1127.23,0,0,0
2019-12-23 10:07:00-05:00,1127.22,1127.51,1127.2,1127.41,0,0,0
2019-12-23 10:08:00-05:00,1127.4,1127.78,1127.4,1127.63,0,0,0
2019-12-23 10:09:00-05:00,1127.63,1127.63,1127.14,1127.21,0,0,0
2019-12-23 10:10:00-05:00,1127.16,1128.08,1127.16,1127.97,0,0,0
2019-12-23 10:11:00-05:00,1127.97,1128.16,1127.96,1128.06,0,0,0
2019-12-23 10:12:00-05:00,1127.87,1127.87,1127.56,1127.64,0,0,0
2019-12-23 10:13:00-05:00,1127.86,1127.86,1127.39,1127.53,0,0,0
2019-12-23 10:14:00-05:00,1127.47,1127.47,1127.28,1127.28,0,0,0
2019-12-23 10:15:00-05:00,1127.08,1127.36,1127.0,1127.01,0,0,0
2019-12-23 10:16:00-05:00,1126.76,1126.97,1126.67,1126.94,0,0,0
2019-12-23 10:17:00-05:00,1126.94,1126.97,1126.86,1126.97,0,0,0
2019-12-23 10:18:00-05:00,1126.97,1127.25,1126.97,1127.17,0,0,0
2019-12-23 10:19:00-05:00,1127.19,1127.22,1126.93,1126.93,0,0,0
2019-12-23 10:20:00-05:00,1126.84,1127.02,1126.52,1127.02,0,0,0
2019-12-23 10:21:00-05:00,1126.97,1126.97,1126.74,1126.85,0,0,0
2019-12-23 10:22:00-05:00,1126.83,1126.83,1126.28,1126.28,0,0,0
2019-12-23 10:23:00-05:00,1126.11,1126.17,1126.06,1126.06,0,0,0
2019-12-23 10:24:00-05:00,1126.06,1126.21,1125.98,1126.11,0,0,0
2019-12-23 10:25:00-05:00,1126.02,1126.02,1125.63,1125.63,0,0,0
2019-12-23 10:26:00-05:00,1125.63,1125.71,1125.62,1125.71,0,0,0
2019-12-23 10:27:00-05:00,1125.92,1125.92,1125.73,1125.73,0,0,0
2019-12-23 10:28:00-05:00,1125.74,1126.18,1125.74,1126.18,0,0,0
2019-12-23 10:29:00-05:00,1125.96,1126.41,1125.96,1126.17,0,0,0
2019-12-23 10:30:00-05:00,1126.17,1126.22,1126.16,1126.22,0,0,0
2019-12-23 10:31:00-05:00,1126.13,1126.49,1126.13,1126.45,0,0,0
2019-12-23 10:32:00-05:00,1126.45,1126.7,1126.45,1126.7,0,0,0
2019-12-23 10:33:00-05:00,1126.71,1126.96,1126.71,1126.96,0,0,0
2019-12-23 10:34:00-05:00,1126.96,1127.52,1126.87,1127.5,0,0,0
2019-12-23 10:35:00-05:00,1127.55,1127.72,1127.47,1127.64,0,0,0
2019-12-23 10:36:00-05:00,1127.73,1127.73,1127.58,1127.58,0,0,0
2019-12-23 10:37:00-05:00,1127.78,1127.78,1127.68,1127.75,0,0,0
2019-12-23 10:38:00-05:00,1127.75,1127.75,1127.25,1127.38,0,0,0
2019-12-23 10:39:00-05:00,1127.38,1127.38,1127.23,1127.37,0,0,0
2019-12-23 10:40:00-05:00,1127.37,1127.37,1127.15,1127.15,0,0,0
2019-12-23 10:41:00-05:00,1127.15,1127.2,1127.04,1127.04,0,0,0
2019-12-23 10:42:00-05:00,1127.04,1127.09,1126.9,1126.9,0,0,0
2019-12-23 10:43:00-05:00,1127.02,1127.1,1127.01,1127.01,0,0,0
2019-12-23 10:44:00-05:00,1127.01,1127.18,1126.98,1127.05,0,0,0
2019-12-23 10:45:00-05:00,1127.17,1127.48,1127.17,1127.48,0,0,0
2019-12-23 10:46:00-05:00,1127.55,1128.03,1127.55,1127.87,0,0,0
2019-12-23 10:47:00-05:00,1127.87,1127.9,1127.87,1127.9,0,0,0
2019-12-23 10:48:00-05:00,1127.9,1128.18,1127.9,1128.18,0,0,0
2019-12-23 10:49:00-05:00,1128.18,1128.54,1128.18,1128.54,0,0,0
2019-12-23 10:50:00-05:00,1128.57,1128.57,1128.45,1128.47,0,0,0
2019-12-23 10:51:00-05:00,1128.47,1128.63,1128.47,1128.63,0,0,0
2019-12-23 10:52:00-05:00,1128.63,1130.02,1128.63,1130.02,0,0,0
2019-12-23 10:53:00-05:00,1130.17,1130.33,1130.17,1130.23,0,0,0
2019-12-23 10:54:00-05:00,1130.23,1130.23,1129.75,1129.77,0,0,0
2019-12-23 10:55:00-05:00,1129.77,1129.88,1129.51,1129.51,0,0,0
2019-12-23 10:56:00-05:00,1129.51,1129.51,1129.11,1129.28,0,0,0
2019-12-23 10:57:00-05:00,1129.35,1129.35,1129.24,1129.31,0,0,0
2019-12-23 10:58:00-05:00,1129.31,1129.43,1129.26,1129.43,0,0,0
2019-12-23 10:59:00-05:00,1129.43,1129.7,1129.41,1129.7,0,0,0
2019-12-23 11:00:00-05:00,1129.7,1130.41,1129.7,1130.41,0,0,0
2019-12-23 11:01:00-05:00,1130.48,1130.83,1130.48,1130.68,0,0,0
2019-12-23 11:02:00-05:00,1130.66,1130.91,1130.44,1130.91,0,0,0
2019-12-23 11:03:00-05:00,1131.01,1131.35,1131.01,1131.35,0,0,0
2019-12-23 11:04:00-05:00,1131.37,1131.81,1131.37,1131.75,0,0,0
2019-12-23 11:05:00-05:00,1131.59,1131.59,1131.41,1131.44,0,0,0
2019-12-23 11:06:00-05:00,1131.44,1131.45,1131.42,1131.42,0,0,0
2019-12-23 11:08:00-05:00,1130.97,1130.97,1130.97,1130.97,0,0,0
2019-12-23 11:09:00-05:00,1130.95,1130.95,1130.51,1130.51,0,0,0
2019-12-23 11:10:00-05:00,1130.46,1130.89,1130.42,1130.83,0,0,0
2019-12-23 11:11:00-05:00,1130.83,1130.83,1130.82,1130.82,0,0,0
2019-12-23 11:12:00-05:00,1130.89,1130.97,1130.85,1130.97,0,0,0
2019-12-23 11:13:00-05:00,1130.97,1131.04,1130.82,1130.82,0,0,0
2019-12-23 11:14:00-05:00,1130.82,1130.84,1130.82,1130.82,0,0,0
2019-12-23 11:15:00-05:00,1130.82,1130.82,1130.67,1130.75,0,0,0
2019-12-23 11:16:00-05:00,1130.75,1130.75,1130.66,1130.75,0,0,0
2019-12-23 11:17:00-05:00,1130.9,1130.95,1130.54,1130.56,0,0,0
2019-12-23 11:18:00-05:00,1130.57,1130.59,1130.51,1130.51,0,0,0
2019-12-23 11:19:00-05:00,1130.6,1130.75,1130.57,1130.6,0,0,0
2019-12-23 11:20:00-05:00,1130.46,1130.46,1129.86,1130.14,0,0,0
2019-12-23 11:21:00-05:00,1130.01,1130.01,1129.72,1129.9,0,0,0
2019-12-23 11:22:00-05:00,1130.06,1130.06,1129.92,1130.0,0,0,0
2019-12-23 11:23:00-05:00,1129.97,1130.07,1129.97,1130.07,0,0,0
2019-12-23 11:24:00-05:00,1130.1,1130.32,1130.05,1130.32,0,0,0
2019-12-23 11:25:00-05:00,1130.33,1130.36,1130.24,1130.36,0,0,0
2019-12-23 11:26:00-05:00,1130.36,1130.52,1130.35,1130.52,0,0,0
2019-12-23 11:27:00-05:00,1130.52,1130.59,1130.52,1130.55,0,0,0
2019-12-23 11:28:00-05:00,1130.46,1131.03,1130.46,1131.03,0,0,0
2019-12-23 11:29:00-05:00,1131.03,1131.3,1131.03,1131.15,0,0,0
2019-12-23 11:30:00-05:00,1131.18,1131.53,1131.18,1131.53,0,0,0
2019-12-23 11:31:00-05:00,1131.61,1131.61,1131.61,1131.61,0,0,0
2019-12-23 11:33:00-05:00,1131.09,1131.09,1131.01,1131.01,0,0,0
2019-12-23 11:35:00-05:00,1131.8,1131.8,1131.8,1131.8,0,0,0
2019-12-23 11:36:00-05:00,1132.04,1132.04,1131.98,1131.98,0,0,0
2019-12-23 11:37:00-05:00,1132.14,1132.14,1131.89,1131.89,0,0,0
2019-12-23 11:38:00-05:00,1131.82,1131.82,1131.76,1131.76,0,0,0
2019-12-23 11:40:00-05:00,1131.44,1131.44,1131.44,1131.44,0,0,0
2019-12-23 11:41:00-05:00,1131.44,1131.44,1131.21,1131.24,0,0,0
2019-12-23 11:42:00-05:00,1131.24,1131.38,1131.08,1131.38,0,0,0
2019-12-23 11:43:00-05:00,1131.38,1131.68,1131.38,1131.68,0,0,0
2019-12-23 11:44:00-05:00,1131.68,1131.77,1131.32,1131.34,0,0,0
2019-12-23 11:45:00-05:00,1131.3,1131.67,1131.3,1131.67,0,0,0
2019-12-23 11:46:00-05:00,1131.67,1131.92,1131.67,1131.92,0,0,0
2019-12-23 11:47:00-05:00,1132.11,1132.11,1131.98,1132.02,0,0,0
2019-12-23 11:48:00-05:00,1131.97,1131.97,1131.86,1131.86,0,0,0
2019-12-23 11:49:00-05:00,1131.86,1131.86,1131.77,1131.8,0,0,0
2019-12-23 11:50:00-05:00,1132.0,1132.0,1131.9,1131.9,0,0,0
2019-12-23 11:51:00-05:00,1131.9,1131.9,1131.71,1131.71,0,0,0
2019-12-23 11:52:00-05:00,1131.65,1131.71,1131.22,1131.22,0,0,0
2019-12-23 11:53:00-05:00,1131.22,1131.22,1131.14,1131.2,0,0,0
2019-12-23 11:54:00-05:00,1131.21,1131.33,1131.21,1131.33,0,0,0
2019-12-23 11:55:00-05:00,1131.58,1131.69,1131.3,1131.3,0,0,0
2019-12-23 11:56:00-05:00,1131.36,1131.52,1131.05,1131.08,0,0,0
2019-12-23 11:57:00-05:00,1131.12,1131.12,1130.78,1130.78,0,0,0
2019-12-23 11:58:00-05:00,1130.78,1131.02,1130.78,1131.02,0,0,0
2019-12-23 11:59:00-05:00,1131.21,1131.21,1131.15,1131.15,0,0,0
2019-12-23 12:00:00-05:00,1131.14,1131.14,1131.01,1131.07,0,0,0
2019-12-23 12:01:00-05:00,1131.14,1131.2,1131.11,1131.2,0,0,0
2019-12-23 12:02:00-05:00,1131.2,1131.37,1131.2,1131.31,0,0,0
2019-12-23 12:03:00-05:00,1131.31,1131.31,1131.01,1131.07,0,0,0
2019-12-23 12:04:00-05:00,1131.07,1131.54,1131.07,1131.54,0,0,0
2019-12-23 12:05:00-05:00,1131.54,1131.67,1131.27,1131.67,0,0,0
2019-12-23 12:06:00-05:00,1131.67,1131.73,1131.58,1131.58,0,0,0
2019-12-23 12:07:00-05:00,1131.58,1131.58,1131.29,1131.32,0,0,0
2019-12-23 12:08:00-05:00,1131.32,1131.32,1131.24,1131.3,0,0,0
2019-12-23 12:09:00-05:00,1131.3,1131.41,1131.22,1131.22,0,0,0
2019-12-23 12:10:00-05:00,1131.21,1131.21,1131.11,1131.14,0,0,0
2019-12-23 12:11:00-05:00,1131.14,1131.19,1131.07,1131.12,0,0,0
2019-12-23 12:12:00-05:00,1131.12,1131.12,1130.92,1130.92,0,0,0
2019-12-23 12:13:00-05:00,1130.92,1130.92,1130.84,1130.84,0,0,0
2019-12-23 12:14:00-05:00,1130.99,1131.11,1130.99,1131.11,0,0,0
2019-12-23 12:15:00-05:00,1131.13,1131.39,1131.13,1131.39,0,0,0
2019-12-23 12:16:00-05:00,1131.39,1131.51,1131.3,1131.44,0,0,0
2019-12-23 12:17:00-05:00,1131.44,1131.44,1131.02,1131.02,0,0,0
2019-12-23 12:18:00-05:00,1131.02,1131.02,1130.94,1130.94,0,0,0
2019-12-23 12:19:00-05:00,1130.94,1131.05,1130.94,1131.05,0,0,0
2019-12-23 12:20:00-05:00,1131.05,1131.05,1130.93,1130.93,0,0,0
2019-12-23 12:21:00-05:00,1130.93,1130.93,1130.7,1130.7,0,0,0
2019-12-23 12:22:00-05:00,1130.7,1130.7,1130.24,1130.24,0,0,0
2019-12-23 12:23:00-05:00,1130.24,1130.82,1130.24,1130.82,0,0,0
2019-12-23 12:24:00-05:00,1130.82,1130.82,1130.71,1130.72,0,0,0
2019-12-23 12:25:00-05:00,1130.72,1130.72,1130.63,1130.63,0,0,0
2019-12-23 12:26:00-05:00,1130.51,1130.51,1130.16,1130.22,0,0,0
2019-12-23 12:27:00-05:00,1130.06,1130.06,1129.78,1129.85,0,0,0
2019-12-23 12:28:00-05:00,1129.85,1129.85,1129.46,1129.58,0,0,0
2019-12-23 12:29:00-05:00,1129.58,1129.78,1129.55,1129.78,0,0,0
2019-12-23 12:30:00-05:00,1129.78,1130.29,1129.78,1130.26,0,0,0
2019-12-23 12:31:00-05:00,1130.26,1130.4,1130.26,1130.35,0,0,0
2019-12-23 12:32:00-05:00,1129.73,1129.73,1129.18,1129.18,0,0,0
2019-12-23 12:33:00-05:00,1129.09,1129.15,1129.0,1129.0,0,0,0
2019-12-23 12:34:00-05:00,1129.0,1129.0,1128.5,1128.5,0,0,0
2019-12-23 12:35:00-05:00,1128.38,1128.43,1128.28,1128.43,0,0,0
2019-12-23 12:36:00-05:00,1128.62,1128.94,1128.62,1128.88,0,0,0
2019-12-23 12:37:00-05:00,1128.75,1128.83,1128.62,1128.68,0,0,0
2019-12-23 12:38:00-05:00,1128.68,1128.68,1128.55,1128.66,0,0,0
2019-12-23 12:39:00-05:00,1128.66,1128.87,1128.66,1128.87,0,0,0
2019-12-23 12:40:00-05:00,1128.84,1128.91,1128.84,1128.91,0,0,0
2019-12-23 12:41:00-05:00,1128.91,1129.21,1128.91,1129.15,0,0,0
2019-12-23 12:42:00-05:00,1129.15,1129.18,1128.92,1128.92,0,0,0
2019-12-23 12:43:00-05:00,1128.92,1129.07,1128.92,1129.07,0,0,0
2019-12-23 12:44:00-05:00,1129.07,1129.4,1129.07,1129.36,0,0,0
2019-12-23 12:45:00-05:00,1129.36,1129.41,1129.35,1129.35,0,0,0
2019-12-23 12:46:00-05:00,1129.35,1129.35,1129.07,1129.07,0,0,0
2019-12-23 12:47:00-05:00,1129.07,1129.1,1129.07,1129.1,0,0,0
2019-12-23 12:48:00-05:00,1129.1,1129.15,1129.1,1129.13,0,0,0
2019-12-23 12:49:00-05:00,1129.13,1129.13,1128.85,1128.96,0,0,0
2019-12-23 12:50:00-05:00,1128.96,1129.07,1128.91,1128.97,0,0,0
2019-12-23 12:51:00-05:00,1128.97,1128.97,1128.54,1128.62,0,0,0
2019-12-23 12:52:00-05:00,1128.55,1128.65,1128.55,1128.65,0,0,0
2019-12-23 12:53:00-05:00,1128.59,1128.69,1128.58,1128.69,0,0,0
2019-12-23 12:54:00-05:00,1128.69,1128.69,1128.6,1128.6,0,0,0
2019-12-23 12:55:00-05:00,1128.6,1128.64,1128.6,1128.64,0,0,0
2019-12-23 12:56:00-05:00,1128.64,1128.71,1128.64,1128.69,0,0,0
2019-12-23 12:57:00-05:00,1128.69,1128.7,1128.54,1128.59,0,0,0
2019-12-23 12:58:00-05:00,1128.6,1128.79,1128.6,1128.79,0,0,0
2019-12-23 12:59:00-05:00,1128.79,1128.82,1128.75,1128.75,0,0,0
2019-12-23 13:00:00-05:00,1128.75,1128.83,1128.75,1128.83,0,0,0
2019-12-23 13:01:00-05:00,1128.92,1128.94,1128.89,1128.89,0,0,0
2019-12-23 13:02:00-05:00,1128.89,1128.97,1128.76,1128.79,0,0,0
2019-12-23 13:03:00-05:00,1128.7,1128.92,1128.7,1128.92,0,0,0
2019-12-23 13:04:00-05:00,1128.98,1129.14,1128.98,1129.14,0,0,0
2019-12-23 13:05:00-05:00,1129.15,1129.27,1129.12,1129.15,0,0,0
2019-12-23 13:06:00-05:00,1129.2,1129.25,1128.89,1128.99,0,0,0
2019-12-23 13:07:00-05:00,1128.99,1129.0,1128.99,1129.0,0,0,0
2019-12-23 13:08:00-05:00,1129.0,1129.0,1128.89,1129.0,0,0,0
2019-12-23 13:09:00-05:00,1129.0,1129.07,1128.94,1129.07,0,0,0
2019-12-23 13:10:00-05:00,1129.07,1129.28,1128.96,1129.2,0,0,0
2019-12-23 13:11:00-05:00,1129.2,1129.2,1129.05,1129.05,0,0,0
2019-12-23 13:12:00-05:00,1129.05,1129.15,1129.05,1129.05,0,0,0
2019-12-23 13:13:00-05:00,1129.08,1129.08,1128.99,1128.99,0,0,0
2019-12-23 13:14:00-05:00,1128.99,1129.3,1128.92,1129.27,0,0,0
2019-12-23 13:15:00-05:00,1129.27,1129.35,1129.27,1129.35,0,0,0
2019-12-23 13:16:00-05:00,1129.35,1129.38,1129.32,1129.38,0,0,0
2019-12-23 13:17:00-05:00,1129.38,1129.44,1129.36,1129.41,0,0,0
2019-12-23 13:18:00-05:00,1129.41,1129.41,1128.57,1128.57,0,0,0
2019-12-23 13:19:00-05:00,1128.55,1128.55,1128.44,1128.45,0,0,0
2019-12-23 13:20:00-05:00,1128.45,1128.48,1128.45,1128.48,0,0,0
2019-12-23 13:21:00-05:00,1128.48,1128.48,1128.46,1128.46,0,0,0
2019-12-23 13:22:00-05:00,1128.46,1128.46,1127.88,1127.88,0,0,0
2019-12-23 13:23:00-05:00,1127.93,1128.05,1127.65,1127.7,0,0,0
2019-12-23 13:24:00-05:00,1127.7,1127.86,1127.7,1127.83,0,0,0
2019-12-23 13:25:00-05:00,1127.83,1128.08,1127.83,1128.02,0,0,0
2019-12-23 13:26:00-05:00,1128.02,1128.11,1127.99,1128.11,0,0,0
2019-12-23 13:27:00-05:00,1128.11,1128.25,1128.11,1128.12,0,0,0
2019-12-23 13:28:00-05:00,1128.12,1128.12,1127.98,1127.98,0,0,0
2019-12-23 13:29:00-05:00,1127.98,1128.05,1127.9,1127.9,0,0,0
2019-12-23 13:30:00-05:00,1127.9,1127.9,1127.9,1127.9,0,0,0
2019-12-23 13:31:00-05:00,1127.9,1127.99,1127.9,1127.99,0,0,0
2019-12-23 13:32:00-05:00,1127.99,1128.11,1127.94,1127.99,0,0,0
2019-12-23 13:33:00-05:00,1127.99,1128.09,1127.86,1127.99,0,0,0
2019-12-23 13:34:00-05:00,1128.05,1128.07,1127.82,1127.88,0,0,0
2019-12-23 13:35:00-05:00,1127.88,1128.01,1127.88,1127.98,0,0,0
2019-12-23 13:36:00-05:00,1127.98,1128.0,1127.89,1128.0,0,0,0
2019-12-23 13:37:00-05:00,1128.0,1128.0,1127.62,1127.62,0,0,0
2019-12-23 13:38:00-05:00,1127.62,1127.62,1127.52,1127.52,0,0,0
2019-12-23 13:39:00-05:00,1127.5,1127.5,1127.38,1127.5,0,0,0
2019-12-23 13:40:00-05:00,1127.4,1127.4,1127.14,1127.14,0,0,0
2019-12-23 13:41:00-05:00,1127.13,1127.17,1127.01,1127.01,0,0,0
2019-12-23 13:42:00-05:00,1127.01,1127.01,1126.65,1126.65,0,0,0
2019-12-23 13:43:00-05:00,1126.6,1126.6,1126.19,1126.42,0,0,0
2019-12-23 13:44:00-05:00,1126.45,1126.45,1126.01,1126.04,0,0,0
2019-12-23 13:45:00-05:00,1125.98,1126.14,1125.8,1126.03,0,0,0
2019-12-23 13:46:00-05:00,1126.08,1126.41,1126.08,1126.22,0,0,0
2019-12-23 13:47:00-05:00,1126.22,1126.45,1126.22,1126.23,0,0,0
2019-12-23 13:48:00-05:00,1126.23,1126.24,1125.91,1126.06,0,0,0
2019-12-23 13:49:00-05:00,1126.14,1126.22,1126.14,1126.16,0,0,0
2019-12-23 13:50:00-05:00,1126.19,1126.43,1126.19,1126.43,0,0,0
2019-12-23 13:51:00-05:00,1126.43,1126.57,1126.42,1126.49,0,0,0
2019-12-23 13:52:00-05:00,1126.49,1126.85,1126.49,1126.78,0,0,0
2019-12-23 13:53:00-05:00,1126.91,1126.91,1126.83,1126.83,0,0,0
2019-12-23 13:54:00-05:00,1126.83,1126.83,1126.71,1126.71,0,0,0
2019-12-23 13:55:00-05:00,1126.71,1126.87,1126.71,1126.81,0,0,0
2019-12-23 13:56:00-05:00,1126.87,1126.92,1126.86,1126.92,0,0,0
2019-12-23 13:57:00-05:00,1126.86,1126.96,1126.86,1126.94,0,0,0
2019-12-23 13:58:00-05:00,1127.0,1127.0,1126.92,1126.93,0,0,0
2019-12-23 13:59:00-05:00,1126.93,1126.93,1126.9,1126.93,0,0,0
2019-12-23 14:00:00-05:00,1126.93,1126.93,1126.82,1126.82,0,0,0
2019-12-23 14:01:00-05:00,1126.82,1126.82,1126.82,1126.82,0,0,0
2019-12-23 14:02:00-05:00,1126.82,1127.19,1126.78,1127.19,0,0,0
2019-12-23 14:03:00-05:00,1127.22,1127.22,1127.21,1127.22,0,0,0
2019-12-23 14:04:00-05:00,1127.23,1127.23,1127.21,1127.21,0,0,0
2019-12-23 14:05:00-05:00,1127.21,1127.21,1126.73,1126.73,0,0,0
2019-12-23 14:06:00-05:00,1126.73,1126.73,1126.58,1126.58,0,0,0
2019-12-23 14:07:00-05:00,1126.7,1126.83,1126.7,1126.81,0,0,0
2019-12-23 14:08:00-05:00,1126.78,1126.81,1126.72,1126.81,0,0,0
2019-12-23 14:09:00-05:00,1126.81,1126.81,1126.48,1126.48,0,0,0
2019-12-23 14:10:00-05:00,1126.48,1126.5,1126.3,1126.33,0,0,0
2019-12-23 14:11:00-05:00,1126.33,1126.33,1126.1,1126.14,0,0,0
2019-12-23 14:12:00-05:00,1126.14,1126.14,1126.14,1126.14,0,0,0
2019-12-23 14:13:00-05:00,1126.14,1126.14,1126.14,1126.14,0,0,0
2019-12-23 14:14:00-05:00,1126.18,1126.24,1126.08,1126.21,0,0,0
2019-12-23 14:15:00-05:00,1126.15,1126.26,1126.11,1126.11,0,0,0
2019-12-23 14:16:00-05:00,1126.16,1126.16,1126.07,1126.15,0,0,0
2019-12-23 14:17:00-05:00,1126.15,1126.15,1126.03,1126.03,0,0,0
2019-12-23 14:18:00-05:00,1126.03,1126.07,1125.99,1126.07,0,0,0
2019-12-23 14:19:00-05:00,1126.07,1126.07,1125.99,1126.01,0,0,0
2019-12-23 14:20:00-05:00,1126.03,1126.11,1126.03,1126.11,0,0,0
2019-12-23 14:21:00-05:00,1126.11,1126.26,1126.11,1126.26,0,0,0
2019-12-23 14:22:00-05:00,1126.26,1126.31,1126.22,1126.22,0,0,0
2019-12-23 14:23:00-05:00,1126.28,1126.28,1126.16,1126.19,0,0,0
2019-12-23 14:24:00-05:00,1126.19,1126.23,1126.14,1126.23,0,0,0
2019-12-23 14:25:00-05:00,1126.23,1126.23,1126.19,1126.2,0,0,0
2019-12-23 14:26:00-05:00,1126.2,1126.46,1126.2,1126.37,0,0,0
2019-12-23 14:27:00-05:00,1126.37,1126.37,1126.26,1126.26,0,0,0
2019-12-23 14:28:00-05:00,1126.27,1126.72,1126.27,1126.72,0,0,0
2019-12-23 14:29:00-05:00,1126.72,1126.98,1126.65,1126.98,0,0,0
2019-12-23 14:30:00-05:00,1126.98,1127.15,1126.98,1127.13,0,0,0
2019-12-23 14:31:00-05:00,1127.13,1127.29,1127.0,1127.27,0,0,0
2019-12-23 14:32:00-05:00,1127.27,1127.27,1127.0,1127.0,0,0,0
2019-12-23 14:33:00-05:00,1126.96,1126.96,1126.9,1126.9,0,0,0
2019-12-23 14:34:00-05:00,1126.9,1126.96,1126.86,1126.86,0,0,0
2019-12-23 14:35:00-05:00,1126.86,1126.89,1126.8,1126.88,0,0,0
2019-12-23 14:36:00-05:00,1126.88,1126.88,1126.48,1126.48,0,0,0
2019-12-23 14:37:00-05:00,1126.46,1126.51,1126.35,1126.35,0,0,0
2019-12-23 14:38:00-05:00,1126.35,1126.35,1126.14,1126.15,0,0,0
2019-12-23 14:39:00-05:00,1126.17,1126.19,1126.06,1126.06,0,0,0
2019-12-23 14:40:00-05:00,1126.06,1126.15,1126.06,1126.15,0,0,0
2019-12-23 14:41:00-05:00,1126.15,1126.47,1126.15,1126.47,0,0,0
2019-12-23 14:42:00-05:00,1126.47,1126.62,1126.47,1126.62,0,0,0
2019-12-23 14:43:00-05:00,1126.59,1126.62,1126.59,1126.61,0,0,0
2019-12-23 14:44:00-05:00,1126.61,1126.61,1126.37,1126.4,0,0,0
2019-12-23 14:45:00-05:00,1126.52,1126.52,1126.16,1126.16,0,0,0
2019-12-23 14:46:00-05:00,1126.16,1126.16,1126.09,1126.09,0,0,0
2019-12-23 14:47:00-05:00,1126.09,1126.09,1125.94,1125.96,0,0,0
2019-12-23 14:48:00-05:00,1125.96,1126.08,1125.96,1126.08,0,0,0
2019-12-23 14:49:00-05:00,1126.08,1126.08,1126.04,1126.07,0,0,0
2019-12-23 14:50:00-05:00,1126.07,1126.07,1126.02,1126.03,0,0,0
2019-12-23 14:51:00-05:00,1126.03,1126.08,1126.0,1126.08,0,0,0
2019-12-23 14:52:00-05:00,1126.08,1126.09,1126.0,1126.0,0,0,0
2019-12-23 14:53:00-05:00,1126.0,1126.0,1125.48,1125.54,0,0,0
2019-12-23 14:54:00-05:00,1125.54,1125.66,1125.54,1125.61,0,0,0
2019-12-23 14:55:00-05:00,1125.61,1125.63,1125.45,1125.45,0,0,0
2019-12-23 14:56:00-05:00,1125.31,1125.31,1125.02,1125.02,0,0,0
2019-12-23 14:57:00-05:00,1125.02,1125.23,1125.01,1125.23,0,0,0
2019-12-23 14:58:00-05:00,1125.23,1125.27,1125.17,1125.27,0,0,0
2019-12-23 14:59:00-05:00,1125.27,1125.48,1125.27,1125.45,0,0,0
2019-12-23 15:00:00-05:00,1125.45,1125.45,1124.4,1124.49,0,0,0
2019-12-23 15:01:00-05:00,1124.49,1124.49,1124.37,1124.38,0,0,0
2019-12-23 15:02:00-05:00,1124.38,1124.51,1124.29,1124.45,0,0,0
2019-12-23 15:03:00-05:00,1124.45,1124.73,1124.45,1124.73,0,0,0
2019-12-23 15:04:00-05:00,1124.73,1124.75,1124.59,1124.66,0,0,0
2019-12-23 15:05:00-05:00,1124.8,1124.89,1124.77,1124.89,0,0,0
2019-12-23 15:06:00-05:00,1124.89,1125.02,1124.86,1124.88,0,0,0
2019-12-23 15:07:00-05:00,1124.88,1124.92,1124.75,1124.75,0,0,0
2019-12-23 15:08:00-05:00,1124.74,1125.01,1124.74,1124.85,0,0,0
2019-12-23 15:09:00-05:00,1124.85,1124.98,1124.72,1124.88,0,0,0
2019-12-23 15:10:00-05:00,1124.88,1125.19,1124.88,1125.19,0,0,0
2019-12-23 15:11:00-05:00,1125.19,1125.3,1125.19,1125.28,0,0,0
2019-12-23 15:12:00-05:00,1125.28,1126.06,1125.28,1126.06,0,0,0
2019-12-23 15:13:00-05:00,1126.25,1126.25,1125.73,1125.73,0,0,0
2019-12-23 15:14:00-05:00,1125.73,1125.75,1125.6,1125.6,0,0,0
2019-12-23 15:15:00-05:00,1125.67,1125.92,1125.61,1125.85,0,0,0
2019-12-23 15:16:00-05:00,1125.85,1125.96,1125.82,1125.96,0,0,0
2019-12-23 15:17:00-05:00,1125.96,1126.09,1125.96,1126.09,0,0,0
2019-12-23 15:18:00-05:00,1126.09,1126.4,1126.09,1126.3,0,0,0
2019-12-23 15:19:00-05:00,1126.26,1126.44,1126.14,1126.14,0,0,0
2019-12-23 15:20:00-05:00,1126.14,1126.14,1125.71,1125.73,0,0,0
2019-12-23 15:21:00-05:00,1125.76,1126.0,1125.7,1125.99,0,0,0
2019-12-23 15:22:00-05:00,1125.99,1126.04,1125.99,1126.03,0,0,0
2019-12-23 15:23:00-05:00,1126.03,1126.24,1125.9,1126.24,0,0,0
2019-12-23 15:24:00-05:00,1126.29,1126.33,1126.26,1126.26,0,0,0
2019-12-23 15:25:00-05:00,1126.21,1126.4,1126.21,1126.4,0,0,0
2019-12-23 15:26:00-05:00,1126.4,1126.54,1126.4,1126.54,0,0,0
2019-12-23 15:27:00-05:00,1126.54,1126.61,1126.48,1126.58,0,0,0
2019-12-23 15:28:00-05:00,1126.58,1126.65,1126.45,1126.65,0,0,0
2019-12-23 15:29:00-05:00,1126.65,1126.73,1126.65,1126.7,0,0,0
2019-12-23 15:30:00-05:00,1126.7,1126.76,1126.54,1126.6,0,0,0
2019-12-23 15:31:00-05:00,1126.67,1126.74,1126.44,1126.44,0,0,0
2019-12-23 15:32:00-05:00,1126.44,1126.57,1126.1,1126.1,0,0,0
2019-12-23 15:33:00-05:00,1126.13,1126.46,1126.13,1126.39,0,0,0
2019-12-23 15:34:00-05:00,1126.39,1126.46,1126.33,1126.46,0,0,0
2019-12-23 15:35:00-05:00,1126.47,1126.65,1126.46,1126.65,0,0,0
2019-12-23 15:36:00-05:00,1126.58,1126.65,1126.58,1126.58,0,0,0
2019-12-23 15:37:00-05:00,1126.58,1126.58,1126.19,1126.19,0,0,0
2019-12-23 15:38:00-05:00,1126.19,1126.19,1126.03,1126.03,0,0,0
2019-12-23 15:39:00-05:00,1126.03,1126.1,1125.91,1125.98,0,0,0
2019-12-23 15:40:00-05:00,1125.9,1125.99,1125.83,1125.99,0,0,0
2019-12-23 15:41:00-05:00,1125.98,1125.98,1125.49,1125.49,0,0,0
2019-12-23 15:42:00-05:00,1125.49,1125.65,1125.34,1125.65,0,0,0
2019-12-23 15:43:00-05:00,1125.69,1125.71,1125.26,1125.26,0,0,0
2019-12-23 15:44:00-05:00,1125.29,1125.41,1124.99,1125.41,0,0,0
2019-12-23 15:45:00-05:00,1125.43,1125.43,1125.11,1125.21,0,0,0
2019-12-23 15:46:00-05:00,1125.21,1125.34,1125.21,1125.33,0,0,0
2019-12-23 15:47:00-05:00,1125.33,1125.59,1125.13,1125.54,0,0,0
2019-12-23 15:48:00-05:00,1125.57,1125.57,1125.28,1125.37,0,0,0
2019-12-23 15:49:00-05:00,1125.37,1125.45,1125.33,1125.37,0,0,0
2019-12-23 15:50:00-05:00,1125.22,1125.41,1125.15,1125.25,0,0,0
2019-12-23 15:51:00-05:00,1125.24,1125.34,1124.81,1124.94,0,0,0
2019-12-23 15:52:00-05:00,1124.8,1125.16,1124.8,1125.16,0,0,0
2019-12-23 15:53:00-05:00,1125.03,1125.06,1124.72,1124.72,0,0,0
2019-12-23 15:54:00-05:00,1124.82,1124.96,1124.63,1124.63,0,0,0
2019-12-23 15:55:00-05:00,1124.69,1124.94,1124.67,1124.9,0,0,0
2019-12-23 15:56:00-05:00,1125.08,1125.08,1124.88,1124.95,0,0,0
2019-12-23 15:57:00-05:00,1124.95,1125.14,1124.95,1125.09,0,0,0
2019-12-23 15:58:00-05:00,1125.25,1125.41,1125.25,1125.36,0,0,0
2019-12-23 15:59:00-05:00,1125.37,1125.37,1124.81,1125.29,0,0,0
2019-12-24 09:30:00-05:00,1126.67,1126.67,1126.67,1126.67,0,0,0
2019-12-24 09:31:00-05:00,1126.4,1127.49,1126.4,1127.49,0,0,0
2019-12-24 09:32:00-05:00,1127.78,1128.1,1127.78,1127.98,0,0,0
2019-12-24 09:33:00-05:00,1127.72,1127.72,1125.84,1125.84,0,0,0
2019-12-24 09:34:00-05:00,1125.85,1125.85,1125.2,1125.2,0,0,0
2019-12-24 09:35:00-05:00,1126.02,1126.59,1125.0,1125.01,0,0,0
2019-12-24 09:36:00-05:00,1125.28,1125.64,1125.28,1125.64,0,0,0
2019-12-24 09:37:00-05:00,1125.6,1126.04,1125.33,1126.04,0,0,0
2019-12-24 09:38:00-05:00,1126.05,1126.05,1125.92,1125.92,0,0,0
2019-12-24 09:39:00-05:00,1125.81,1126.97,1125.63,1126.87,0,0,0
2019-12-24 09:40:00-05:00,1126.92,1127.31,1126.92,1127.18,0,0,0
2019-12-24 09:41:00-05:00,1127.18,1127.18,1126.44,1126.74,0,0,0
2019-12-24 09:42:00-05:00,1126.86,1126.88,1126.63,1126.7,0,0,0
2019-12-24 09:43:00-05:00,1126.45,1127.88,1126.45,1127.88,0,0,0
2019-12-24 09:44:00-05:00,1128.48,1128.7,1128.48,1128.64,0,0,0
2019-12-24 09:45:00-05:00,1129.31,1129.38,1129.12,1129.38,0,0,0
2019-12-24 09:46:00-05:00,1129.36,1130.19,1129.28,1130.19,0,0,0
2019-12-24 09:47:00-05:00,1130.19,1130.33,1130.19,1130.23,0,0,0
2019-12-24 09:48:00-05:00,1130.32,1130.42,1130.08,1130.29,0,0,0
2019-12-24 09:49:00-05:00,1130.29,1130.29,1129.31,1129.87,0,0,0
2019-12-24 09:50:00-05:00,1129.84,1130.06,1129.84,1130.06,0,0,0
2019-12-24 09:51:00-05:00,1130.06,1130.06,1129.57,1129.94,0,0,0
2019-12-24 09:52:00-05:00,1129.9,1129.9,1128.84,1128.95,0,0,0
2019-12-24 09:53:00-05:00,1128.95,1129.38,1128.92,1129.38,0,0,0
2019-12-24 09:54:00-05:00,1129.37,1129.37,1129.08,1129.11,0,0,0
2019-12-24 09:55:00-05:00,1129.06,1129.09,1128.99,1128.99,0,0,0
2019-12-24 09:56:00-05:00,1128.92,1128.93,1128.49,1128.49,0,0,0
2019-12-24 09:57:00-05:00,1128.44,1128.5,1128.36,1128.36,0,0,0
2019-12-24 09:58:00-05:00,1128.29,1128.3,1128.24,1128.3,0,0,0
2019-12-24 09:59:00-05:00,1128.3,1128.37,1128.3,1128.37,0,0,0
2019-12-24 10:00:00-05:00,1128.37,1129.34,1128.37,1129.34,0,0,0
2019-12-24 10:01:00-05:00,1129.34,1129.81,1129.34,1129.81,0,0,0
2019-12-24 10:02:00-05:00,1129.93,1130.06,1129.81,1130.06,0,0,0
2019-12-24 10:03:00-05:00,1130.06,1130.13,1130.06,1130.13,0,0,0
2019-12-24 10:04:00-05:00,1130.08,1131.01,1130.08,1130.86,0,0,0
2019-12-24 10:05:00-05:00,1130.83,1131.13,1130.8,1130.81,0,0,0
2019-12-24 10:06:00-05:00,1130.89,1130.89,1130.72,1130.72,0,0,0
2019-12-24 10:07:00-05:00,1130.8,1131.27,1130.8,1130.99,0,0,0
2019-12-24 10:08:00-05:00,1130.99,1130.99,1130.83,1130.83,0,0,0
2019-12-24 10:09:00-05:00,1130.83,1131.23,1130.83,1131.12,0,0,0
2019-12-24 10:10:00-05:00,1131.12,1131.12,1130.57,1130.59,0,0,0
2019-12-24 10:11:00-05:00,1130.7,1130.7,1130.34,1130.37,0,0,0
2019-12-24 10:12:00-05:00,1130.37,1130.37,1130.27,1130.27,0,0,0
2019-12-24 10:13:00-05:00,1130.27,1130.42,1130.27,1130.31,0,0,0
2019-12-24 10:14:00-05:00,1130.31,1130.31,1130.11,1130.24,0,0,0
2019-12-24 10:15:00-05:00,1130.24,1130.47,1130.22,1130.47,0,0,0
2019-12-24 10:16:00-05:00,1130.47,1130.47,1130.11,1130.11,0,0,0
2019-12-24 10:17:00-05:00,1129.96,1129.96,1129.6,1129.63,0,0,0
2019-12-24 10:18:00-05:00,1129.63,1130.15,1129.63,1130.15,0,0,0
2019-12-24 10:19:00-05:00,1129.89,1130.04,1129.86,1129.88,0,0,0
2019-12-24 10:20:00-05:00,1129.87,1129.87,1129.7,1129.7,0,0,0
2019-12-24 10:21:00-05:00,1129.71,1129.71,1129.12,1129.32,0,0,0
2019-12-24 10:22:00-05:00,1129.32,1129.51,1129.32,1129.51,0,0,0
2019-12-24 10:23:00-05:00,1129.51,1129.57,1129.51,1129.57,0,0,0
2019-12-24 10:24:00-05:00,1129.57,1129.85,1129.4,1129.4,0,0,0
2019-12-24 10:25:00-05:00,1129.09,1129.18,1128.76,1128.76,0,0,0
2019-12-24 10:26:00-05:00,1128.76,1128.81,1128.76,1128.81,0,0,0
2019-12-24 10:27:00-05:00,1128.76,1129.26,1128.76,1129.26,0,0,0
2019-12-24 10:28:00-05:00,1129.14,1129.42,1129.14,1129.42,0,0,0
2019-12-24 10:29:00-05:00,1129.45,1129.45,1129.28,1129.35,0,0,0
2019-12-24 10:30:00-05:00,1129.46,1129.91,1129.46,1129.91,0,0,0
2019-12-24 10:31:00-05:00,1129.91,1130.27,1129.81,1130.27,0,0,0
2019-12-24 10:32:00-05:00,1130.21,1130.56,1130.21,1130.56,0,0,0
2019-12-24 10:33:00-05:00,1130.45,1130.88,1130.45,1130.88,0,0,0
2019-12-24 10:34:00-05:00,1130.64,1130.64,1130.58,1130.61,0,0,0
2019-12-24 10:35:00-05:00,1130.41,1130.52,1130.41,1130.52,0,0,0
2019-12-24 10:36:00-05:00,1130.52,1130.52,1130.46,1130.46,0,0,0
2019-12-24 10:37:00-05:00,1130.46,1130.46,1129.6,1129.6,0,0,0
2019-12-24 10:38:00-05:00,1129.47,1129.59,1129.31,1129.59,0,0,0
2019-12-24 10:39:00-05:00,1129.59,1129.6,1129.47,1129.6,0,0,0
2019-12-24 10:40:00-05:00,1129.84,1129.95,1129.77,1129.77,0,0,0
2019-12-24 10:41:00-05:00,1129.8,1130.0,1129.71,1130.0,0,0,0
2019-12-24 10:42:00-05:00,1130.0,1130.15,1129.51,1129.51,0,0,0
2019-12-24 10:43:00-05:00,1129.51,1129.74,1129.45,1129.57,0,0,0
2019-12-24 10:44:00-05:00,1129.55,1129.62,1129.51,1129.51,0,0,0
2019-12-24 10:45:00-05:00,1129.51,1129.51,1129.03,1129.03,0,0,0
2019-12-24 10:46:00-05:00,1128.99,1128.99,1128.5,1128.54,0,0,0
2019-12-24 10:47:00-05:00,1128.49,1128.98,1128.49,1128.98,0,0,0
2019-12-24 10:48:00-05:00,1128.92,1129.16,1128.9,1128.96,0,0,0
2019-12-24 10:49:00-05:00,1128.95,1128.95,1128.93,1128.94,0,0,0
2019-12-24 10:50:00-05:00,1128.94,1128.94,1128.63,1128.66,0,0,0
2019-12-24 10:51:00-05:00,1128.72,1128.72,1128.45,1128.45,0,0,0
2019-12-24 10:52:00-05:00,1128.45,1128.49,1128.45,1128.49,0,0,0
2019-12-24 10:53:00-05:00,1128.5,1129.41,1128.5,1129.41,0,0,0
2019-12-24 10:54:00-05:00,1129.41,1129.41,1129.31,1129.33,0,0,0
2019-12-24 10:55:00-05:00,1129.43,1130.51,1129.43,1130.5,0,0,0
2019-12-24 10:56:00-05:00,1130.73,1131.3,1130.73,1131.3,0,0,0
2019-12-24 10:57:00-05:00,1131.3,1132.0,1131.3,1131.9,0,0,0
2019-12-24 10:58:00-05:00,1131.9,1131.9,1131.31,1131.35,0,0,0
2019-12-24 10:59:00-05:00,1131.35,1131.43,1131.35,1131.39,0,0,0
2019-12-24 11:00:00-05:00,1131.4,1131.4,1131.18,1131.24,0,0,0
2019-12-24 11:01:00-05:00,1131.24,1131.33,1131.09,1131.09,0,0,0
2019-12-24 11:02:00-05:00,1131.09,1131.63,1131.09,1131.63,0,0,0
2019-12-24 11:03:00-05:00,1131.64,1131.71,1131.62,1131.66,0,0,0
2019-12-24 11:04:00-05:00,1131.66,1131.72,1131.61,1131.62,0,0,0
2019-12-24 11:05:00-05:00,1131.62,1131.69,1131.35,1131.49,0,0,0
2019-12-24 11:06:00-05:00,1131.49,1131.86,1131.49,1131.86,0,0,0
2019-12-24 11:07:00-05:00,1131.86,1131.91,1131.78,1131.78,0,0,0
2019-12-24 11:08:00-05:00,1131.78,1131.85,1131.78,1131.85,0,0,0
2019-12-24 11:09:00-05:00,1131.85,1131.86,1131.79,1131.86,0,0,0
2019-12-24 11:10:00-05:00,1131.86,1131.86,1131.74,1131.82,0,0,0
2019-12-24 11:11:00-05:00,1131.96,1132.08,1131.96,1132.08,0,0,0
2019-12-24 11:12:00-05:00,1132.08,1132.31,1132.07,1132.31,0,0,0
2019-12-24 11:13:00-05:00,1132.25,1132.26,1132.21,1132.25,0,0,0
2019-12-24 11:14:00-05:00,1132.25,1132.49,1132.16,1132.49,0,0,0
2019-12-24 11:15:00-05:00,1132.24,1132.24,1131.96,1131.96,0,0,0
2019-12-24 11:16:00-05:00,1131.83,1131.83,1131.78,1131.83,0,0,0
2019-12-24 11:17:00-05:00,1131.8,1131.83,1131.8,1131.83,0,0,0
2019-12-24 11:18:00-05:00,1131.83,1131.95,1131.72,1131.95,0,0,0
2019-12-24 11:19:00-05:00,1131.89,1132.28,1131.89,1132.25,0,0,0
2019-12-24 11:20:00-05:00,1132.25,1132.39,1132.25,1132.33,0,0,0
2019-12-24 11:21:00-05:00,1132.33,1132.33,1132.13,1132.16,0,0,0
2019-12-24 11:22:00-05:00,1132.16,1132.19,1131.79,1131.81,0,0,0
2019-12-24 11:23:00-05:00,1131.81,1131.81,1131.78,1131.78,0,0,0
2019-12-24 11:24:00-05:00,1131.78,1131.79,1131.74,1131.79,0,0,0
2019-12-24 11:25:00-05:00,1131.77,1131.86,1131.77,1131.85,0,0,0
2019-12-24 11:26:00-05:00,1131.85,1131.94,1131.85,1131.94,0,0,0
2019-12-24 11:27:00-05:00,1131.91,1131.94,1131.91,1131.94,0,0,0
2019-12-24 11:28:00-05:00,1131.94,1132.14,1131.94,1132.14,0,0,0
2019-12-24 11:29:00-05:00,1132.14,1132.24,1132.13,1132.24,0,0,0
2019-12-24 11:30:00-05:00,1132.33,1132.66,1132.33,1132.66,0,0,0
2019-12-24 11:31:00-05:00,1132.66,1132.66,1132.49,1132.59,0,0,0
2019-12-24 11:32:00-05:00,1132.59,1132.59,1132.53,1132.53,0,0,0
2019-12-24 11:33:00-05:00,1132.57,1132.76,1132.57,1132.76,0,0,0
2019-12-24 11:34:00-05:00,1132.76,1132.76,1132.65,1132.65,0,0,0
2019-12-24 11:35:00-05:00,1132.65,1132.66,1132.65,1132.66,0,0,0
2019-12-24 11:36:00-05:00,1132.66,1132.66,1132.49,1132.49,0,0,0
2019-12-24 11:37:00-05:00,1132.61,1132.61,1132.38,1132.38,0,0,0
2019-12-24 11:38:00-05:00,1132.36,1132.38,1132.27,1132.27,0,0,0
2019-12-24 11:39:00-05:00,1132.27,1132.27,1132.15,1132.15,0,0,0
2019-12-24 11:40:00-05:00,1132.15,1132.15,1132.04,1132.04,0,0,0
2019-12-24 11:41:00-05:00,1132.01,1132.12,1132.0,1132.08,0,0,0
2019-12-24 11:42:00-05:00,1132.11,1132.11,1132.02,1132.02,0,0,0
2019-12-24 11:43:00-05:00,1132.02,1132.02,1131.51,1131.51,0,0,0
2019-12-24 11:44:00-05:00,1131.54,1131.74,1131.48,1131.48,0,0,0
2019-12-24 11:45:00-05:00,1131.48,1131.54,1131.48,1131.54,0,0,0
2019-12-24 11:46:00-05:00,1131.59,1131.59,1131.5,1131.5,0,0,0
2019-12-24 11:47:00-05:00,1131.5,1131.57,1131.48,1131.53,0,0,0
2019-12-24 11:48:00-05:00,1131.47,1131.91,1131.47,1131.91,0,0,0
2019-12-24 11:49:00-05:00,1131.91,1131.91,1131.64,1131.72,0,0,0
2019-12-24 11:50:00-05:00,1131.72,1131.72,1131.43,1131.43,0,0,0
2019-12-24 11:51:00-05:00,1131.43,1131.43,1131.27,1131.4,0,0,0
2019-12-24 11:52:00-05:00,1131.39,1131.47,1131.39,1131.47,0,0,0
2019-12-24 11:53:00-05:00,1131.36,1131.36,1131.25,1131.31,0,0,0
2019-12-24 11:54:00-05:00,1131.31,1131.5,1131.31,1131.38,0,0,0
2019-12-24 11:55:00-05:00,1131.47,1131.53,1131.47,1131.53,0,0,0
2019-12-24 11:56:00-05:00,1131.56,1131.68,1131.53,1131.68,0,0,0
2019-12-24 11:57:00-05:00,1131.68,1131.8,1131.62,1131.8,0,0,0
2019-12-24 11:58:00-05:00,1131.8,1131.86,1131.77,1131.77,0,0,0
2019-12-24 11:59:00-05:00,1131.77,1131.77,1131.64,1131.7,0,0,0
2019-12-24 12:00:00-05:00,1131.7,1131.85,1131.62,1131.85,0,0,0
2019-12-24 12:01:00-05:00,1131.85,1132.31,1131.85,1132.31,0,0,0
2019-12-24 12:02:00-05:00,1132.31,1132.31,1132.24,1132.24,0,0,0
2019-12-24 12:03:00-05:00,1132.24,1132.24,1131.78,1131.86,0,0,0
2019-12-24 12:04:00-05:00,1131.86,1131.86,1131.85,1131.85,0,0,0
2019-12-24 12:05:00-05:00,1131.85,1132.12,1131.85,1132.12,0,0,0
2019-12-24 12:06:00-05:00,1132.11,1132.11,1131.64,1131.7,0,0,0
2019-12-24 12:07:00-05:00,1131.7,1131.71,1131.44,1131.47,0,0,0
2019-12-24 12:08:00-05:00,1131.47,1131.47,1131.43,1131.43,0,0,0
2019-12-24 12:09:00-05:00,1131.46,1131.46,1131.11,1131.2,0,0,0
2019-12-24 12:10:00-05:00,1131.2,1131.34,1131.2,1131.34,0,0,0
2019-12-24 12:11:00-05:00,1131.29,1131.29,1130.51,1130.52,0,0,0
2019-12-24 12:12:00-05:00,1130.52,1130.61,1130.26,1130.26,0,0,0
2019-12-24 12:13:00-05:00,1130.26,1130.26,1129.73,1129.76,0,0,0
2019-12-24 12:14:00-05:00,1129.76,1129.82,1129.54,1129.7,0,0,0
2019-12-24 12:15:00-05:00,1129.73,1129.73,1129.2,1129.35,0,0,0
2019-12-24 12:16:00-05:00,1129.35,1130.13,1129.35,1130.13,0,0,0
2019-12-24 12:17:00-05:00,1130.23,1130.28,1130.19,1130.19,0,0,0
2019-12-24 12:18:00-05:00,1130.17,1130.19,1129.96,1129.96,0,0,0
2019-12-24 12:19:00-05:00,1129.91,1129.92,1129.87,1129.87,0,0,0
2019-12-24 12:20:00-05:00,1129.87,1129.92,1129.87,1129.87,0,0,0
2019-12-24 12:21:00-05:00,1130.0,1130.0,1129.7,1129.7,0,0,0
2019-12-24 12:22:00-05:00,1129.65,1129.65,1129.57,1129.63,0,0,0
2019-12-24 12:23:00-05:00,1129.63,1129.63,1129.59,1129.62,0,0,0
2019-12-24 12:24:00-05:00,1129.62,1129.62,1129.4,1129.4,0,0,0
2019-12-24 12:25:00-05:00,1129.34,1129.34,1129.34,1129.34,0,0,0
2019-12-24 12:26:00-05:00,1129.34,1129.34,1128.93,1128.93,0,0,0
2019-12-24 12:27:00-05:00,1128.93,1128.93,1128.48,1128.48,0,0,0
2019-12-24 12:28:00-05:00,1128.48,1128.58,1128.29,1128.29,0,0,0
2019-12-24 12:29:00-05:00,1128.29,1128.29,1128.23,1128.23,0,0,0
2019-12-24 12:30:00-05:00,1128.23,1128.25,1128.04,1128.25,0,0,0
2019-12-24 12:31:00-05:00,1128.14,1128.14,1127.7,1127.7,0,0,0
2019-12-24 12:32:00-05:00,1127.7,1127.7,1126.95,1126.96,0,0,0
2019-12-24 12:33:00-05:00,1126.96,1127.17,1126.96,1127.17,0,0,0
2019-12-24 12:34:00-05:00,1127.17,1127.17,1127.14,1127.14,0,0,0
2019-12-24 12:35:00-05:00,1127.11,1127.29,1127.11,1127.26,0,0,0
2019-12-24 12:36:00-05:00,1127.43,1127.75,1127.43,1127.75,0,0,0
2019-12-24 12:37:00-05:00,1127.84,1127.84,1127.72,1127.81,0,0,0
2019-12-24 12:38:00-05:00,1127.81,1127.81,1127.51,1127.51,0,0,0
2019-12-24 12:39:00-05:00,1127.51,1127.51,1127.41,1127.47,0,0,0
2019-12-24 12:40:00-05:00,1127.47,1127.54,1127.46,1127.54,0,0,0
2019-12-24 12:41:00-05:00,1127.54,1127.85,1127.54,1127.85,0,0,0
2019-12-24 12:42:00-05:00,1127.89,1128.08,1127.78,1127.85,0,0,0
2019-12-24 12:43:00-05:00,1127.85,1127.98,1127.79,1127.87,0,0,0
2019-12-24 12:44:00-05:00,1127.78,1127.78,1127.63,1127.69,0,0,0
2019-12-24 12:45:00-05:00,1127.66,1127.66,1127.5,1127.5,0,0,0
2019-12-24 12:46:00-05:00,1127.5,1127.52,1127.47,1127.47,0,0,0
2019-12-24 12:47:00-05:00,1127.47,1127.47,1127.22,1127.22,0,0,0
2019-12-24 12:48:00-05:00,1127.2,1127.4,1127.2,1127.4,0,0,0
2019-12-24 12:49:00-05:00,1127.27,1127.59,1127.27,1127.58,0,0,0
2019-12-24 12:50:00-05:00,1127.59,1127.71,1127.35,1127.35,0,0,0
2019-12-24 12:51:00-05:00,1127.35,1127.35,1127.19,1127.19,0,0,0
2019-12-24 12:52:00-05:00,1127.19,1127.19,1127.09,1127.09,0,0,0
2019-12-24 12:53:00-05:00,1127.09,1127.14,1127.08,1127.08,0,0,0
2019-12-24 12:54:00-05:00,1127.08,1127.08,1126.88,1126.88,0,0,0
2019-12-24 12:55:00-05:00,1126.91,1127.18,1126.91,1127.18,0,0,0
2019-12-24 12:56:00-05:00,1127.08,1127.53,1127.08,1127.53,0,0,0
2019-12-24 12:57:00-05:00,1127.48,1127.85,1127.48,1127.85,0,0,0
2019-12-24 12:58:00-05:00,1127.88,1128.27,1127.88,1128.09,0,0,0
2019-12-24 12:59:00-05:00,1128.08,1128.08,1127.41,1127.7,0,0,0
2019-12-24 13:00:00-05:00,1128.25,1128.28,1128.25,1128.28,0,0,0
