Datetime,Open,High,Low,Close,Volume,Dividends,Stock Splits
2019-12-18 17:02:00+01:00,2021.74,2021.74,2021.74,2021.74,0,0,0
2019-12-18 17:03:00+01:00,2021.58,2021.66,2021.58,2021.66,0,0,0
2019-12-18 17:04:00+01:00,2021.79,2021.81,2021.79,2021.81,0,0,0
2019-12-18 17:05:00+01:00,2021.97,2021.97,2021.88,2021.88,0,0,0
2019-12-18 17:06:00+01:00,2022.01,2022.01,2021.81,2021.81,0,0,0
2019-12-18 17:07:00+01:00,2021.7,2021.82,2021.7,2021.82,0,0,0
2019-12-18 17:08:00+01:00,2021.6,2021.6,2021.6,2021.6,0,0,0
2019-12-18 17:09:00+01:00,2021.36,2021.36,2021.21,2021.21,0,0,0
2019-12-18 17:10:00+01:00,2021.39,2021.39,2021.22,2021.22,0,0,0
2019-12-18 17:11:00+01:00,2021.36,2021.36,2021.28,2021.28,0,0,0
2019-12-18 17:12:00+01:00,2021.26,2021.27,2021.26,2021.27,0,0,0
2019-12-18 17:13:00+01:00,2021.37,2021.51,2021.37,2021.51,0,0,0
2019-12-18 17:14:00+01:00,2021.87,2021.87,2021.87,2021.87,0,0,0
2019-12-18 17:15:00+01:00,2022.07,2022.15,2022.07,2022.15,0,0,0
2019-12-18 17:16:00+01:00,2022.08,2022.08,2021.95,2021.95,0,0,0
2019-12-18 17:17:00+01:00,2022.18,2022.37,2022.18,2022.37,0,0,0
2019-12-18 17:18:00+01:00,2022.25,2022.25,2022.14,2022.14,0,0,0
2019-12-18 17:19:00+01:00,2022.61,2022.61,2022.45,2022.45,0,0,0
2019-12-18 17:20:00+01:00,2022.37,2022.37,2022.28,2022.28,0,0,0
2019-12-18 17:21:00+01:00,2022.48,2022.7,2022.48,2022.7,0,0,0
2019-12-18 17:22:00+01:00,2022.53,2022.53,2022.52,2022.52,0,0,0
2019-12-18 17:23:00+01:00,2022.55,2022.64,2022.55,2022.64,0,0,0
2019-12-18 17:24:00+01:00,2022.59,2022.59,2022.55,2022.55,0,0,0
2019-12-18 17:25:00+01:00,2022.64,2022.68,2022.64,2022.68,0,0,0
2019-12-18 17:26:00+01:00,2022.71,2022.71,2022.59,2022.59,0,0,0
2019-12-18 17:27:00+01:00,2022.63,2022.67,2022.63,2022.67,0,0,0
2019-12-18 17:28:00+01:00,2022.6,2022.6,2022.53,2022.53,0,0,0
2019-12-18 17:29:00+01:00,2022.45,2022.45,2022.45,2022.45,0,0,0
2019-12-19 09:00:00+01:00,2022.65,2022.65,2022.45,2022.45,0,0,0
2019-12-19 09:01:00+01:00,2021.06,2021.39,2021.06,2021.39,0,0,0
2019-12-19 09:02:00+01:00,2022.68,2022.92,2022.68,2022.92,0,0,0
2019-12-19 09:03:00+01:00,2023.07,2023.56,2023.07,2023.56,0,0,0
2019-12-19 09:04:00+01:00,2023.41,2023.45,2023.41,2023.45,0,0,0
2019-12-19 09:05:00+01:00,2023.13,2023.13,2023.13,2023.13,0,0,0
2019-12-19 09:06:00+01:00,2022.67,2022.67,2022.18,2022.18,0,0,0
2019-12-19 09:07:00+01:00,2022.86,2022.86,2022.57,2022.57,0,0,0
2019-12-19 09:08:00+01:00,2022.66,2022.76,2022.66,2022.76,0,0,0
2019-12-19 09:09:00+01:00,2022.66,2022.66,2021.93,2021.93,0,0,0
2019-12-19 09:10:00+01:00,2021.17,2021.22,2021.17,2021.22,0,0,0
2019-12-19 09:11:00+01:00,2021.94,2022.57,2021.94,2022.57,0,0,0
2019-12-19 09:12:00+01:00,2021.66,2021.72,2021.66,2021.72,0,0,0
2019-12-19 09:13:00+01:00,2021.81,2021.81,2021.56,2021.56,0,0,0
2019-12-19 09:14:00+01:00,2021.14,2021.14,2020.51,2020.51,0,0,0
2019-12-19 09:15:00+01:00,2021.39,2021.39,2021.39,2021.39,0,0,0
2019-12-19 09:16:00+01:00,2021.82,2021.82,2021.34,2021.34,0,0,0
2019-12-19 09:17:00+01:00,2022.27,2022.27,2022.01,2022.01,0,0,0
2019-12-19 09:18:00+01:00,2022.21,2022.21,2021.56,2021.56,0,0,0
2019-12-19 09:19:00+01:00,2021.96,2021.96,2021.58,2021.58,0,0,0
2019-12-19 09:20:00+01:00,2022.13,2022.13,2022.13,2022.13,0,0,0
2019-12-19 09:21:00+01:00,2022.04,2022.17,2022.04,2022.17,0,0,0
2019-12-19 09:22:00+01:00,2021.89,2022.24,2021.89,2022.24,0,0,0
2019-12-19 09:23:00+01:00,2022.17,2022.17,2021.89,2021.89,0,0,0
2019-12-19 09:24:00+01:00,2021.81,2021.81,2021.72,2021.72,0,0,0
2019-12-19 09:25:00+01:00,2021.75,2021.75,2021.52,2021.52,0,0,0
2019-12-19 09:26:00+01:00,2021.62,2021.85,2021.62,2021.85,0,0,0
2019-12-19 09:27:00+01:00,2021.88,2021.88,2021.74,2021.74,0,0,0
2019-12-19 09:28:00+01:00,2021.61,2021.61,2021.55,2021.55,0,0,0
2019-12-19 09:29:00+01:00,2021.49,2021.49,2020.74,2020.74,0,0,0
2019-12-19 09:30:00+01:00,2020.37,2020.37,2018.24,2018.24,0,0,0
2019-12-19 09:31:00+01:00,2018.7,2019.22,2018.7,2019.22,0,0,0
2019-12-19 09:32:00+01:00,2018.95,2019.17,2018.95,2019.17,0,0,0
2019-12-19 09:33:00+01:00,2018.99,2019.13,2018.99,2019.13,0,0,0
2019-12-19 09:34:00+01:00,2019.45,2019.45,2019.42,2019.42,0,0,0
2019-12-19 09:35:00+01:00,2019.36,2019.36,2018.91,2018.91,0,0,0
2019-12-19 09:36:00+01:00,2018.78,2019.05,2018.78,2019.05,0,0,0
2019-12-19 09:37:00+01:00,2018.73,2018.74,2018.73,2018.74,0,0,0
2019-12-19 09:38:00+01:00,2018.49,2018.55,2018.49,2018.55,0,0,0
2019-12-19 09:39:00+01:00,2018.5,2018.5,2017.9,2017.9,0,0,0
2019-12-19 09:40:00+01:00,2018.17,2018.17,2018.17,2018.17,0,0,0
2019-12-19 09:41:00+01:00,2017.81,2017.81,2017.31,2017.31,0,0,0
2019-12-19 09:42:00+01:00,2017.08,2017.17,2017.08,2017.17,0,0,0
2019-12-19 09:43:00+01:00,2017.01,2017.21,2017.01,2017.21,0,0,0
2019-12-19 09:44:00+01:00,2016.89,2017.06,2016.89,2017.06,0,0,0
2019-12-19 09:45:00+01:00,2016.6,2016.65,2016.6,2016.65,0,0,0
2019-12-19 09:46:00+01:00,2016.21,2016.21,2016.21,2016.21,0,0,0
2019-12-19 09:47:00+01:00,2016.49,2016.51,2016.49,2016.51,0,0,0
2019-12-19 09:48:00+01:00,2016.2,2016.24,2016.2,2016.24,0,0,0
2019-12-19 09:49:00+01:00,2016.74,2016.76,2016.74,2016.76,0,0,0
2019-12-19 09:50:00+01:00,2016.95,2017.07,2016.95,2017.07,0,0,0
2019-12-19 09:51:00+01:00,2017.39,2017.73,2017.39,2017.73,0,0,0
2019-12-19 09:52:00+01:00,2018.07,2018.15,2018.07,2018.15,0,0,0
2019-12-19 09:53:00+01:00,2018.38,2018.47,2018.38,2018.47,0,0,0
2019-12-19 09:54:00+01:00,2018.62,2018.62,2018.62,2018.62,0,0,0
2019-12-19 09:55:00+01:00,2020.39,2020.45,2020.39,2020.45,0,0,0
2019-12-19 09:56:00+01:00,2020.5,2020.5,2020.02,2020.02,0,0,0
2019-12-19 09:57:00+01:00,2020.4,2020.49,2020.4,2020.49,0,0,0
2019-12-19 09:58:00+01:00,2020.44,2020.44,2020.32,2020.32,0,0,0
2019-12-19 09:59:00+01:00,2020.43,2020.43,2020.16,2020.16,0,0,0
2019-12-19 10:00:00+01:00,2020.61,2020.65,2020.61,2020.65,0,0,0
2019-12-19 10:01:00+01:00,2021.84,2021.84,2021.73,2021.73,0,0,0
2019-12-19 10:02:00+01:00,2021.32,2021.32,2021.31,2021.31,0,0,0
2019-12-19 10:03:00+01:00,2021.09,2021.43,2021.09,2021.43,0,0,0
2019-12-19 10:04:00+01:00,2021.5,2021.5,2021.32,2021.32,0,0,0
2019-12-19 10:05:00+01:00,2021.33,2021.33,2020.99,2020.99,0,0,0
2019-12-19 10:06:00+01:00,2020.9,2021.04,2020.9,2021.04,0,0,0
2019-12-19 10:07:00+01:00,2020.99,2020.99,2020.87,2020.87,0,0,0
2019-12-19 10:08:00+01:00,2020.89,2021.29,2020.89,2021.29,0,0,0
2019-12-19 10:09:00+01:00,2021.22,2021.33,2021.22,2021.33,0,0,0
2019-12-19 10:10:00+01:00,2021.5,2021.51,2021.5,2021.51,0,0,0
2019-12-19 10:11:00+01:00,2021.54,2021.54,2021.02,2021.02,0,0,0
2019-12-19 10:12:00+01:00,2020.94,2020.99,2020.94,2020.99,0,0,0
2019-12-19 10:13:00+01:00,2020.89,2020.89,2020.65,2020.65,0,0,0
2019-12-19 10:14:00+01:00,2020.5,2020.5,2020.32,2020.32,0,0,0
2019-12-19 10:15:00+01:00,2020.31,2020.31,2020.27,2020.27,0,0,0
2019-12-19 10:16:00+01:00,2019.33,2019.33,2019.2,2019.2,0,0,0
2019-12-19 10:17:00+01:00,2018.92,2018.92,2018.85,2018.85,0,0,0
2019-12-19 10:18:00+01:00,2018.76,2018.96,2018.76,2018.96,0,0,0
2019-12-19 10:19:00+01:00,2019.13,2019.22,2019.13,2019.22,0,0,0
2019-12-19 10:20:00+01:00,2019.07,2019.07,2018.95,2018.95,0,0,0
2019-12-19 10:21:00+01:00,2019.1,2019.1,2018.99,2018.99,0,0,0
2019-12-19 10:22:00+01:00,2018.86,2019.03,2018.86,2019.03,0,0,0
2019-12-19 10:23:00+01:00,2019.02,2019.64,2019.02,2019.64,0,0,0
2019-12-19 10:24:00+01:00,2019.46,2019.46,2019.13,2019.13,0,0,0
2019-12-19 10:25:00+01:00,2019.13,2019.13,2019.03,2019.03,0,0,0
2019-12-19 10:26:00+01:00,2018.93,2019.23,2018.93,2019.23,0,0,0
2019-12-19 10:27:00+01:00,2019.34,2019.34,2019.12,2019.12,0,0,0
2019-12-19 10:28:00+01:00,2019.09,2019.23,2019.09,2019.23,0,0,0
2019-12-19 10:29:00+01:00,2019.36,2019.67,2019.36,2019.67,0,0,0
2019-12-19 10:30:00+01:00,2019.68,2019.68,2019.61,2019.61,0,0,0
2019-12-19 10:31:00+01:00,2019.34,2019.66,2019.34,2019.66,0,0,0
2019-12-19 10:32:00+01:00,2019.78,2020.07,2019.78,2020.07,0,0,0
2019-12-19 10:33:00+01:00,2020.11,2020.16,2020.11,2020.16,0,0,0
2019-12-19 10:34:00+01:00,2020.14,2020.16,2020.14,2020.16,0,0,0
2019-12-19 10:35:00+01:00,2020.12,2020.15,2020.12,2020.15,0,0,0
2019-12-19 10:36:00+01:00,2019.82,2020.13,2019.82,2020.13,0,0,0
2019-12-19 10:37:00+01:00,2020.26,2020.37,2020.26,2020.37,0,0,0
2019-12-19 10:38:00+01:00,2020.41,2020.46,2020.41,2020.46,0,0,0
2019-12-19 10:39:00+01:00,2020.48,2020.48,2020.46,2020.46,0,0,0
2019-12-19 10:40:00+01:00,2020.41,2020.55,2020.41,2020.55,0,0,0
2019-12-19 10:41:00+01:00,2020.15,2020.72,2020.15,2020.72,0,0,0
2019-12-19 10:42:00+01:00,2020.88,2021.66,2020.88,2021.66,0,0,0
2019-12-19 10:43:00+01:00,2021.66,2021.66,2020.9,2020.9,0,0,0
2019-12-19 10:44:00+01:00,2020.98,2020.98,2020.72,2020.72,0,0,0
2019-12-19 10:45:00+01:00,2020.7,2020.7,2020.38,2020.38,0,0,0
2019-12-19 10:46:00+01:00,2020.42,2020.59,2020.42,2020.59,0,0,0
2019-12-19 10:47:00+01:00,2020.5,2020.5,2020.44,2020.44,0,0,0
2019-12-19 10:48:00+01:00,2020.16,2020.34,2020.16,2020.34,0,0,0
2019-12-19 10:49:00+01:00,2020.36,2020.42,2020.36,2020.42,0,0,0
2019-12-19 10:50:00+01:00,2020.51,2021.16,2020.51,2021.16,0,0,0
2019-12-19 10:51:00+01:00,2021.07,2021.07,2020.96,2020.96,0,0,0
2019-12-19 10:52:00+01:00,2021.05,2021.05,2021.01,2021.01,0,0,0
2019-12-19 10:53:00+01:00,2020.54,2020.57,2020.54,2020.57,0,0,0
2019-12-19 10:54:00+01:00,2020.52,2020.52,2020.43,2020.43,0,0,0
2019-12-19 10:55:00+01:00,2020.39,2020.44,2020.39,2020.44,0,0,0
2019-12-19 10:56:00+01:00,2020.58,2020.63,2020.58,2020.63,0,0,0
2019-12-19 10:57:00+01:00,2020.56,2020.56,2020.29,2020.29,0,0,0
2019-12-19 10:58:00+01:00,2020.65,2020.67,2020.65,2020.67,0,0,0
2019-12-19 10:59:00+01:00,2020.67,2020.67,2020.13,2020.13,0,0,0
2019-12-19 11:00:00+01:00,2019.99,2020.12,2019.99,2020.12,0,0,0
2019-12-19 11:01:00+01:00,2020.05,2020.05,2019.94,2019.94,0,0,0
2019-12-19 11:02:00+01:00,2020.21,2020.21,2020.03,2020.03,0,0,0
2019-12-19 11:03:00+01:00,2020.12,2020.21,2020.12,2020.21,0,0,0
2019-12-19 11:04:00+01:00,2020.17,2020.17,2020.03,2020.03,0,0,0
2019-12-19 11:05:00+01:00,2020.11,2020.11,2019.89,2019.89,0,0,0
2019-12-19 11:06:00+01:00,2019.9,2019.9,2019.79,2019.79,0,0,0
2019-12-19 11:07:00+01:00,2019.61,2019.61,2019.28,2019.28,0,0,0
2019-12-19 11:08:00+01:00,2019.25,2019.25,2019.05,2019.05,0,0,0
2019-12-19 11:09:00+01:00,2019.13,2019.27,2019.13,2019.27,0,0,0
2019-12-19 11:10:00+01:00,2019.39,2019.39,2018.61,2018.61,0,0,0
2019-12-19 11:11:00+01:00,2018.6,2018.95,2018.6,2018.95,0,0,0
2019-12-19 11:12:00+01:00,2019.12,2019.12,2019.12,2019.12,0,0,0
2019-12-19 11:13:00+01:00,2019.09,2019.55,2019.09,2019.55,0,0,0
2019-12-19 11:14:00+01:00,2019.54,2019.54,2019.42,2019.42,0,0,0
2019-12-19 11:15:00+01:00,2019.43,2019.46,2019.43,2019.46,0,0,0
2019-12-19 11:16:00+01:00,2019.54,2019.54,2019.19,2019.19,0,0,0
2019-12-19 11:17:00+01:00,2019.35,2019.52,2019.35,2019.52,0,0,0
2019-12-19 11:18:00+01:00,2019.42,2019.62,2019.42,2019.62,0,0,0
2019-12-19 11:19:00+01:00,2019.48,2019.48,2019.3,2019.3,0,0,0
2019-12-19 11:20:00+01:00,2019.44,2019.44,2019.28,2019.28,0,0,0
2019-12-19 11:21:00+01:00,2018.93,2019.18,2018.93,2019.18,0,0,0
2019-12-19 11:22:00+01:00,2019.18,2019.22,2019.18,2019.22,0,0,0
2019-12-19 11:23:00+01:00,2019.18,2019.18,2019.13,2019.13,0,0,0
2019-12-19 11:24:00+01:00,2019.0,2019.14,2019.0,2019.14,0,0,0
2019-12-19 11:25:00+01:00,2019.16,2019.16,2019.0,2019.0,0,0,0
2019-12-19 11:26:00+01:00,2018.96,2019.73,2018.96,2019.73,0,0,0
2019-12-19 11:27:00+01:00,2019.69,2019.69,2019.56,2019.56,0,0,0
2019-12-19 11:28:00+01:00,2019.16,2019.16,2018.94,2018.94,0,0,0
2019-12-19 11:29:00+01:00,2019.13,2019.17,2019.13,2019.17,0,0,0
2019-12-19 11:30:00+01:00,2019.1,2019.2,2019.1,2019.2,0,0,0
2019-12-19 11:31:00+01:00,2019.31,2019.31,2019.28,2019.28,0,0,0
2019-12-19 11:32:00+01:00,2019.45,2020.33,2019.45,2020.33,0,0,0
2019-12-19 11:33:00+01:00,2020.24,2020.51,2020.24,2020.51,0,0,0
2019-12-19 11:34:00+01:00,2020.34,2020.34,2020.15,2020.15,0,0,0
2019-12-19 11:35:00+01:00,2020.24,2020.47,2020.24,2020.47,0,0,0
2019-12-19 11:36:00+01:00,2020.69,2020.95,2020.69,2020.95,0,0,0
2019-12-19 11:37:00+01:00,2021.05,2021.05,2020.87,2020.87,0,0,0
2019-12-19 11:38:00+01:00,2020.41,2020.45,2020.41,2020.45,0,0,0
2019-12-19 11:39:00+01:00,2020.31,2020.33,2020.11,2020.11,0,0,0
2019-12-19 11:40:00+01:00,2020.2,2020.41,2020.2,2020.41,0,0,0
2019-12-19 11:41:00+01:00,2020.4,2020.4,2020.39,2020.39,0,0,0
2019-12-19 11:42:00+01:00,2020.32,2020.32,2020.31,2020.31,0,0,0
2019-12-19 11:43:00+01:00,2020.24,2020.24,2020.0,2020.0,0,0,0
2019-12-19 11:44:00+01:00,2020.0,2020.15,2020.0,2020.15,0,0,0
2019-12-19 11:45:00+01:00,2020.14,2020.22,2020.14,2020.22,0,0,0
2019-12-19 11:46:00+01:00,2019.9,2019.9,2019.65,2019.65,0,0,0
2019-12-19 11:47:00+01:00,2019.76,2019.76,2019.64,2019.64,0,0,0
2019-12-19 11:48:00+01:00,2019.9,2019.9,2019.87,2019.87,0,0,0
2019-12-19 11:49:00+01:00,2019.81,2019.82,2019.73,2019.73,0,0,0
2019-12-19 11:50:00+01:00,2019.6,2019.76,2019.6,2019.76,0,0,0
2019-12-19 11:51:00+01:00,2019.64,2019.64,2019.27,2019.27,0,0,0
2019-12-19 11:52:00+01:00,2019.18,2019.18,2019.03,2019.03,0,0,0
2019-12-19 11:53:00+01:00,2019.0,2019.06,2019.0,2019.06,0,0,0
2019-12-19 11:54:00+01:00,2019.08,2019.09,2019.08,2019.09,0,0,0
2019-12-19 11:55:00+01:00,2019.03,2019.04,2019.03,2019.04,0,0,0
2019-12-19 11:56:00+01:00,2019.06,2019.39,2019.06,2019.39,0,0,0
2019-12-19 11:57:00+01:00,2019.17,2019.26,2019.17,2019.26,0,0,0
2019-12-19 11:58:00+01:00,2019.01,2019.01,2019.01,2019.01,0,0,0
2019-12-19 11:59:00+01:00,2018.72,2018.93,2018.72,2018.93,0,0,0
2019-12-19 12:00:00+01:00,2018.87,2019.07,2018.87,2019.07,0,0,0
2019-12-19 12:01:00+01:00,2018.94,2019.11,2018.67,2018.67,0,0,0
2019-12-19 12:02:00+01:00,2018.83,2018.83,2018.68,2018.68,0,0,0
2019-12-19 12:03:00+01:00,2018.82,2018.91,2018.82,2018.91,0,0,0
2019-12-19 12:04:00+01:00,2018.86,2018.86,2018.81,2018.81,0,0,0
2019-12-19 12:05:00+01:00,2018.85,2018.89,2018.85,2018.89,0,0,0
2019-12-19 12:06:00+01:00,2018.79,2018.79,2018.72,2018.72,0,0,0
2019-12-19 12:07:00+01:00,2018.71,2018.8,2018.71,2018.8,0,0,0
2019-12-19 12:08:00+01:00,2018.82,2018.82,2018.65,2018.65,0,0,0
2019-12-19 12:09:00+01:00,2018.82,2018.82,2018.76,2018.76,0,0,0
2019-12-19 12:10:00+01:00,2018.86,2019.0,2018.86,2019.0,0,0,0
2019-12-19 12:11:00+01:00,2019.04,2019.3,2019.04,2019.3,0,0,0
2019-12-19 12:12:00+01:00,2019.45,2019.45,2019.33,2019.33,0,0,0
2019-12-19 12:13:00+01:00,2019.56,2019.57,2019.56,2019.57,0,0,0
2019-12-19 12:14:00+01:00,2019.55,2019.67,2019.55,2019.67,0,0,0
2019-12-19 12:15:00+01:00,2019.54,2019.55,2019.54,2019.55,0,0,0
2019-12-19 12:16:00+01:00,2019.84,2020.03,2019.84,2020.03,0,0,0
2019-12-19 12:17:00+01:00,2020.04,2020.04,2019.99,2019.99,0,0,0
2019-12-19 12:18:00+01:00,2019.98,2019.98,2019.95,2019.95,0,0,0
2019-12-19 12:19:00+01:00,2020.03,2020.03,2019.8,2019.8,0,0,0
2019-12-19 12:20:00+01:00,2019.92,2019.92,2019.75,2019.75,0,0,0
2019-12-19 12:21:00+01:00,2019.55,2019.55,2019.51,2019.51,0,0,0
2019-12-19 12:22:00+01:00,2019.62,2019.66,2019.62,2019.66,0,0,0
2019-12-19 12:23:00+01:00,2019.77,2019.77,2019.63,2019.63,0,0,0
2019-12-19 12:24:00+01:00,2019.67,2019.83,2019.67,2019.83,0,0,0
2019-12-19 12:25:00+01:00,2019.82,2019.82,2019.62,2019.62,0,0,0
2019-12-19 12:26:00+01:00,2019.57,2019.57,2019.35,2019.35,0,0,0
2019-12-19 12:27:00+01:00,2019.51,2019.51,2019.46,2019.46,0,0,0
2019-12-19 12:28:00+01:00,2019.5,2019.69,2019.5,2019.69,0,0,0
2019-12-19 12:29:00+01:00,2019.55,2019.64,2019.55,2019.64,0,0,0
2019-12-19 12:30:00+01:00,2019.72,2019.81,2019.72,2019.81,0,0,0
2019-12-19 12:31:00+01:00,2019.98,2020.07,2019.98,2020.07,0,0,0
2019-12-19 12:32:00+01:00,2020.05,2020.05,2019.79,2019.79,0,0,0
2019-12-19 12:33:00+01:00,2019.84,2020.13,2019.84,2020.13,0,0,0
2019-12-19 12:34:00+01:00,2020.16,2020.22,2020.16,2020.22,0,0,0
2019-12-19 12:35:00+01:00,2020.21,2020.29,2020.21,2020.29,0,0,0
2019-12-19 12:36:00+01:00,2020.08,2020.24,2020.08,2020.24,0,0,0
2019-12-19 12:37:00+01:00,2020.11,2020.11,2019.99,2019.99,0,0,0
2019-12-19 12:38:00+01:00,2019.9,2019.96,2019.9,2019.96,0,0,0
2019-12-19 12:39:00+01:00,2019.91,2019.91,2019.82,2019.82,0,0,0
2019-12-19 12:40:00+01:00,2019.88,2019.88,2019.67,2019.67,0,0,0
2019-12-19 12:41:00+01:00,2019.77,2019.77,2019.6,2019.6,0,0,0
2019-12-19 12:42:00+01:00,2019.71,2019.71,2019.71,2019.71,0,0,0
2019-12-19 12:43:00+01:00,2019.93,2020.19,2019.93,2020.19,0,0,0
2019-12-19 12:44:00+01:00,2019.98,2019.98,2019.86,2019.86,0,0,0
2019-12-19 12:45:00+01:00,2019.91,2019.92,2019.71,2019.71,0,0,0
2019-12-19 12:46:00+01:00,2019.81,2019.81,2019.8,2019.8,0,0,0
2019-12-19 12:47:00+01:00,2019.63,2019.79,2019.63,2019.79,0,0,0
2019-12-19 12:48:00+01:00,2019.79,2019.93,2019.79,2019.93,0,0,0
2019-12-19 12:49:00+01:00,2019.92,2019.92,2019.88,2019.88,0,0,0
2019-12-19 12:50:00+01:00,2020.04,2020.04,2019.98,2019.98,0,0,0
2019-12-19 12:51:00+01:00,2020.06,2020.12,2020.06,2020.12,0,0,0
2019-12-19 12:52:00+01:00,2020.11,2020.35,2020.11,2020.35,0,0,0
2019-12-19 12:53:00+01:00,2020.16,2020.16,2020.11,2020.11,0,0,0
2019-12-19 12:54:00+01:00,2020.24,2020.24,2020.11,2020.11,0,0,0
2019-12-19 12:55:00+01:00,2020.19,2020.3,2020.19,2020.3,0,0,0
2019-12-19 12:56:00+01:00,2020.44,2020.44,2020.27,2020.27,0,0,0
2019-12-19 12:57:00+01:00,2020.4,2020.4,2020.27,2020.27,0,0,0
2019-12-19 12:58:00+01:00,2020.2,2020.5,2020.2,2020.5,0,0,0
2019-12-19 12:59:00+01:00,2020.54,2020.7,2020.54,2020.7,0,0,0
2019-12-19 13:00:00+01:00,2020.1,2020.29,2020.1,2020.29,0,0,0
2019-12-19 13:01:00+01:00,2020.23,2020.26,2020.23,2020.26,0,0,0
2019-12-19 13:02:00+01:00,2020.18,2020.24,2020.18,2020.24,0,0,0
2019-12-19 13:03:00+01:00,2020.61,2020.67,2020.61,2020.67,0,0,0
2019-12-19 13:04:00+01:00,2020.75,2020.82,2020.75,2020.82,0,0,0
2019-12-19 13:05:00+01:00,2020.88,2020.95,2020.88,2020.95,0,0,0
2019-12-19 13:06:00+01:00,2020.84,2020.84,2020.78,2020.78,0,0,0
2019-12-19 13:07:00+01:00,2020.7,2020.9,2020.7,2020.9,0,0,0
2019-12-19 13:08:00+01:00,2020.71,2020.85,2020.71,2020.85,0,0,0
2019-12-19 13:09:00+01:00,2020.9,2020.91,2020.9,2020.91,0,0,0
2019-12-19 13:10:00+01:00,2020.9,2021.02,2020.9,2021.02,0,0,0
2019-12-19 13:11:00+01:00,2020.86,2020.86,2020.66,2020.66,0,0,0
2019-12-19 13:12:00+01:00,2020.77,2020.77,2020.5,2020.5,0,0,0
2019-12-19 13:13:00+01:00,2020.48,2020.48,2020.37,2020.37,0,0,0
2019-12-19 13:14:00+01:00,2020.46,2020.46,2020.46,2020.46,0,0,0
2019-12-19 13:15:00+01:00,2020.46,2020.46,2020.38,2020.38,0,0,0
2019-12-19 13:16:00+01:00,2020.35,2020.57,2020.35,2020.57,0,0,0
2019-12-19 13:17:00+01:00,2020.41,2020.56,2020.41,2020.56,0,0,0
2019-12-19 13:18:00+01:00,2020.5,2020.59,2020.5,2020.59,0,0,0
2019-12-19 13:19:00+01:00,2020.52,2020.54,2020.52,2020.54,0,0,0
2019-12-19 13:20:00+01:00,2020.49,2020.56,2020.49,2020.56,0,0,0
2019-12-19 13:21:00+01:00,2020.61,2020.66,2020.61,2020.66,0,0,0
2019-12-19 13:22:00+01:00,2020.69,2020.69,2020.61,2020.61,0,0,0
2019-12-19 13:23:00+01:00,2020.76,2020.76,2020.73,2020.73,0,0,0
2019-12-19 13:24:00+01:00,2020.47,2020.49,2020.47,2020.49,0,0,0
2019-12-19 13:25:00+01:00,2020.42,2020.44,2020.42,2020.44,0,0,0
2019-12-19 13:26:00+01:00,2020.62,2020.64,2020.57,2020.64,0,0,0
2019-12-19 13:27:00+01:00,2020.57,2020.58,2020.57,2020.58,0,0,0
2019-12-19 13:28:00+01:00,2020.48,2020.48,2020.34,2020.34,0,0,0
2019-12-19 13:29:00+01:00,2020.39,2020.56,2020.39,2020.56,0,0,0
2019-12-19 13:30:00+01:00,2020.52,2020.52,2020.35,2020.35,0,0,0
2019-12-19 13:31:00+01:00,2020.37,2020.37,2020.09,2020.09,0,0,0
2019-12-19 13:32:00+01:00,2019.91,2019.97,2019.91,2019.97,0,0,0
2019-12-19 13:33:00+01:00,2019.83,2019.85,2019.83,2019.85,0,0,0
2019-12-19 13:34:00+01:00,2019.71,2019.71,2019.37,2019.37,0,0,0
2019-12-19 13:35:00+01:00,2018.97,2018.97,2018.9,2018.9,0,0,0
2019-12-19 13:36:00+01:00,2018.72,2018.77,2018.72,2018.77,0,0,0
2019-12-19 13:37:00+01:00,2018.58,2018.58,2018.26,2018.26,0,0,0
2019-12-19 13:38:00+01:00,2018.23,2018.23,2017.73,2017.73,0,0,0
2019-12-19 13:39:00+01:00,2017.78,2017.78,2017.67,2017.67,0,0,0
2019-12-19 13:40:00+01:00,2017.72,2018.01,2017.72,2018.01,0,0,0
2019-12-19 13:41:00+01:00,2018.12,2018.12,2018.07,2018.07,0,0,0
2019-12-19 13:42:00+01:00,2018.4,2018.53,2018.4,2018.53,0,0,0
2019-12-19 13:43:00+01:00,2018.44,2018.44,2018.4,2018.4,0,0,0
2019-12-19 13:44:00+01:00,2018.44,2018.44,2017.91,2017.91,0,0,0
2019-12-19 13:45:00+01:00,2018.04,2018.09,2018.04,2018.09,0,0,0
2019-12-19 13:46:00+01:00,2018.12,2018.12,2018.04,2018.04,0,0,0
2019-12-19 13:47:00+01:00,2017.79,2017.79,2017.63,2017.63,0,0,0
2019-12-19 13:48:00+01:00,2017.64,2017.77,2017.64,2017.77,0,0,0
2019-12-19 13:49:00+01:00,2017.68,2017.86,2017.68,2017.86,0,0,0
2019-12-19 13:50:00+01:00,2017.74,2017.88,2017.74,2017.88,0,0,0
2019-12-19 13:51:00+01:00,2017.85,2017.85,2017.79,2017.79,0,0,0
2019-12-19 13:52:00+01:00,2017.88,2017.88,2017.76,2017.76,0,0,0
2019-12-19 13:53:00+01:00,2017.8,2017.8,2017.45,2017.45,0,0,0
2019-12-19 13:54:00+01:00,2017.43,2017.47,2017.43,2017.47,0,0,0
2019-12-19 13:55:00+01:00,2017.3,2017.3,2017.24,2017.24,0,0,0
2019-12-19 13:56:00+01:00,2017.22,2017.22,2016.9,2016.9,0,0,0
2019-12-19 13:57:00+01:00,2017.46,2017.46,2017.46,2017.46,0,0,0
2019-12-19 13:58:00+01:00,2017.51,2017.66,2017.51,2017.66,0,0,0
2019-12-19 13:59:00+01:00,2017.55,2017.63,2017.55,2017.63,0,0,0
2019-12-19 14:00:00+01:00,2017.52,2017.57,2017.52,2017.57,0,0,0
2019-12-19 14:01:00+01:00,2017.4,2017.4,2017.29,2017.29,0,0,0
2019-12-19 14:02:00+01:00,2017.43,2017.5,2017.43,2017.5,0,0,0
2019-12-19 14:03:00+01:00,2017.63,2017.63,2017.63,2017.63,0,0,0
2019-12-19 14:04:00+01:00,2017.84,2018.04,2017.84,2018.04,0,0,0
2019-12-19 14:05:00+01:00,2018.26,2018.26,2018.18,2018.18,0,0,0
2019-12-19 14:06:00+01:00,2018.28,2018.28,2018.2,2018.2,0,0,0
2019-12-19 14:07:00+01:00,2018.44,2018.44,2018.37,2018.37,0,0,0
2019-12-19 14:08:00+01:00,2018.1,2018.1,2018.1,2018.1,0,0,0
2019-12-19 14:09:00+01:00,2018.03,2018.03,2017.91,2017.91,0,0,0
2019-12-19 14:10:00+01:00,2018.15,2018.15,2017.91,2017.91,0,0,0
2019-12-19 14:11:00+01:00,2017.92,2017.92,2017.86,2017.86,0,0,0
2019-12-19 14:12:00+01:00,2017.63,2017.63,2017.6,2017.6,0,0,0
2019-12-19 14:13:00+01:00,2017.12,2017.12,2016.93,2016.93,0,0,0
2019-12-19 14:14:00+01:00,2016.84,2016.84,2016.71,2016.71,0,0,0
2019-12-19 14:15:00+01:00,2016.69,2016.72,2016.69,2016.72,0,0,0
2019-12-19 14:16:00+01:00,2016.47,2016.69,2016.47,2016.69,0,0,0
2019-12-19 14:17:00+01:00,2016.76,2016.84,2016.76,2016.84,0,0,0
2019-12-19 14:18:00+01:00,2016.91,2016.91,2016.8,2016.8,0,0,0
2019-12-19 14:19:00+01:00,2016.92,2016.92,2016.87,2016.87,0,0,0
2019-12-19 14:20:00+01:00,2017.02,2017.08,2017.02,2017.08,0,0,0
2019-12-19 14:21:00+01:00,2017.16,2017.31,2017.16,2017.31,0,0,0
2019-12-19 14:22:00+01:00,2017.11,2017.11,2017.1,2017.1,0,0,0
2019-12-19 14:23:00+01:00,2017.09,2017.09,2017.06,2017.06,0,0,0
2019-12-19 14:24:00+01:00,2016.92,2016.92,2016.91,2016.91,0,0,0
2019-12-19 14:25:00+01:00,2017.14,2017.14,2017.0,2017.0,0,0,0
2019-12-19 14:26:00+01:00,2017.07,2017.11,2017.07,2017.11,0,0,0
2019-12-19 14:27:00+01:00,2017.12,2017.12,2016.95,2016.95,0,0,0
2019-12-19 14:28:00+01:00,2016.73,2016.78,2016.73,2016.78,0,0,0
2019-12-19 14:29:00+01:00,2016.85,2016.85,2016.67,2016.67,0,0,0
2019-12-19 14:30:00+01:00,2016.95,2016.95,2016.6,2016.6,0,0,0
2019-12-19 14:31:00+01:00,2016.25,2016.25,2015.98,2015.98,0,0,0
2019-12-19 14:32:00+01:00,2015.91,2015.99,2015.91,2015.99,0,0,0
2019-12-19 14:33:00+01:00,2015.86,2015.86,2015.79,2015.79,0,0,0
2019-12-19 14:34:00+01:00,2015.53,2015.58,2015.53,2015.58,0,0,0
2019-12-19 14:35:00+01:00,2015.59,2015.59,2015.53,2015.59,0,0,0
2019-12-19 14:36:00+01:00,2015.37,2015.37,2014.79,2014.79,0,0,0
2019-12-19 14:37:00+01:00,2014.84,2014.84,2014.48,2014.48,0,0,0
2019-12-19 14:38:00+01:00,2014.46,2014.46,2014.38,2014.38,0,0,0
2019-12-19 14:39:00+01:00,2014.37,2014.37,2014.32,2014.32,0,0,0
2019-12-19 14:40:00+01:00,2014.4,2014.46,2014.4,2014.46,0,0,0
2019-12-19 14:41:00+01:00,2014.67,2014.67,2014.53,2014.53,0,0,0
2019-12-19 14:42:00+01:00,2014.87,2015.07,2014.87,2015.07,0,0,0
2019-12-19 14:43:00+01:00,2015.08,2015.16,2015.08,2015.16,0,0,0
2019-12-19 14:44:00+01:00,2015.47,2015.65,2015.47,2015.65,0,0,0
2019-12-19 14:45:00+01:00,2015.57,2015.57,2015.46,2015.46,0,0,0
2019-12-19 14:46:00+01:00,2015.57,2015.57,2015.57,2015.57,0,0,0
2019-12-19 14:47:00+01:00,2015.74,2015.74,2015.67,2015.67,0,0,0
2019-12-19 14:48:00+01:00,2015.6,2016.04,2015.6,2016.04,0,0,0
2019-12-19 14:49:00+01:00,2016.15,2016.15,2016.07,2016.07,0,0,0
2019-12-19 14:50:00+01:00,2016.2,2016.22,2016.2,2016.22,0,0,0
2019-12-19 14:51:00+01:00,2016.28,2016.54,2016.28,2016.54,0,0,0
2019-12-19 14:52:00+01:00,2016.43,2016.43,2016.23,2016.23,0,0,0
2019-12-19 14:53:00+01:00,2016.52,2016.52,2016.42,2016.42,0,0,0
2019-12-19 14:54:00+01:00,2016.7,2016.89,2016.7,2016.89,0,0,0
2019-12-19 14:55:00+01:00,2016.9,2016.97,2016.9,2016.97,0,0,0
2019-12-19 14:56:00+01:00,2017.02,2017.02,2016.99,2016.99,0,0,0
2019-12-19 14:57:00+01:00,2017.03,2017.09,2017.03,2017.09,0,0,0
2019-12-19 14:58:00+01:00,2017.19,2017.21,2017.19,2017.21,0,0,0
2019-12-19 14:59:00+01:00,2017.26,2017.29,2017.26,2017.29,0,0,0
2019-12-19 15:00:00+01:00,2017.21,2017.26,2017.21,2017.26,0,0,0
2019-12-19 15:01:00+01:00,2017.41,2017.42,2017.41,2017.42,0,0,0
2019-12-19 15:02:00+01:00,2017.28,2017.29,2017.28,2017.29,0,0,0
2019-12-19 15:03:00+01:00,2017.36,2017.69,2017.36,2017.69,0,0,0
2019-12-19 15:04:00+01:00,2017.95,2017.98,2017.95,2017.98,0,0,0
2019-12-19 15:05:00+01:00,2018.22,2018.37,2018.22,2018.37,0,0,0
2019-12-19 15:06:00+01:00,2018.32,2018.32,2018.16,2018.16,0,0,0
2019-12-19 15:07:00+01:00,2018.27,2018.27,2018.26,2018.26,0,0,0
2019-12-19 15:08:00+01:00,2018.12,2018.12,2017.9,2017.9,0,0,0
2019-12-19 15:09:00+01:00,2017.91,2017.91,2017.64,2017.64,0,0,0
2019-12-19 15:10:00+01:00,2017.52,2017.59,2017.52,2017.59,0,0,0
2019-12-19 15:11:00+01:00,2017.58,2017.6,2017.58,2017.6,0,0,0
2019-12-19 15:12:00+01:00,2017.75,2017.75,2017.64,2017.64,0,0,0
2019-12-19 15:13:00+01:00,2017.55,2017.72,2017.55,2017.72,0,0,0
2019-12-19 15:14:00+01:00,2017.52,2017.63,2017.52,2017.63,0,0,0
2019-12-19 15:15:00+01:00,2017.69,2017.69,2017.69,2017.69,0,0,0
2019-12-19 15:16:00+01:00,2017.69,2017.69,2017.69,2017.69,0,0,0
2019-12-19 15:17:00+01:00,2017.81,2018.01,2017.81,2018.01,0,0,0
2019-12-19 15:18:00+01:00,2018.11,2018.11,2018.11,2018.11,0,0,0
2019-12-19 15:19:00+01:00,2018.12,2018.12,2018.12,2018.12,0,0,0
2019-12-19 15:20:00+01:00,2018.32,2018.38,2018.32,2018.38,0,0,0
2019-12-19 15:21:00+01:00,2018.21,2018.21,2018.21,2018.21,0,0,0
2019-12-19 15:22:00+01:00,2018.31,2018.31,2018.31,2018.31,0,0,0
2019-12-19 15:23:00+01:00,2018.68,2018.68,2018.68,2018.68,0,0,0
2019-12-19 15:24:00+01:00,2018.61,2018.61,2018.61,2018.61,0,0,0
2019-12-19 15:25:00+01:00,2018.41,2018.41,2018.41,2018.41,0,0,0
2019-12-19 15:26:00+01:00,2018.28,2018.29,2018.28,2018.29,0,0,0
2019-12-19 15:27:00+01:00,2018.25,2018.25,2018.25,2018.25,0,0,0
2019-12-19 15:28:00+01:00,2018.4,2018.5,2018.4,2018.5,0,0,0
2019-12-19 15:29:00+01:00,2018.37,2018.37,2018.37,2018.37,0,0,0
2019-12-19 15:30:00+01:00,2018.49,2018.63,2018.49,2018.63,0,0,0
2019-12-19 15:31:00+01:00,2018.76,2018.76,2018.76,2018.76,0,0,0
2019-12-19 15:32:00+01:00,2018.86,2018.86,2018.65,2018.65,0,0,0
2019-12-19 15:33:00+01:00,2018.69,2018.69,2018.69,2018.69,0,0,0
2019-12-19 15:34:00+01:00,2018.81,2018.81,2018.81,2018.81,0,0,0
2019-12-19 15:35:00+01:00,2018.65,2018.76,2018.65,2018.76,0,0,0
2019-12-19 15:36:00+01:00,2018.81,2018.81,2018.65,2018.65,0,0,0
2019-12-19 15:37:00+01:00,2018.95,2018.95,2018.95,2018.95,0,0,0
2019-12-19 15:38:00+01:00,2019.1,2019.1,2018.89,2018.89,0,0,0
2019-12-19 15:39:00+01:00,2019.11,2019.11,2019.11,2019.11,0,0,0
2019-12-19 15:40:00+01:00,2018.8,2018.8,2018.57,2018.57,0,0,0
2019-12-19 15:41:00+01:00,2018.46,2018.46,2018.33,2018.33,0,0,0
2019-12-19 15:42:00+01:00,2018.49,2018.49,2018.49,2018.49,0,0,0
2019-12-19 15:43:00+01:00,2018.46,2018.46,2018.44,2018.44,0,0,0
2019-12-19 15:44:00+01:00,2018.34,2018.34,2018.34,2018.34,0,0,0
2019-12-19 15:45:00+01:00,2018.42,2018.42,2018.42,2018.42,0,0,0
2019-12-19 15:46:00+01:00,2018.43,2018.54,2018.43,2018.54,0,0,0
2019-12-19 15:47:00+01:00,2018.55,2018.55,2018.55,2018.55,0,0,0
2019-12-19 15:48:00+01:00,2018.35,2018.43,2018.35,2018.43,0,0,0
2019-12-19 15:49:00+01:00,2018.57,2018.68,2018.57,2018.68,0,0,0
2019-12-19 15:50:00+01:00,2018.51,2018.51,2018.51,2018.51,0,0,0
2019-12-19 15:51:00+01:00,2018.87,2018.87,2018.82,2018.82,0,0,0
2019-12-19 15:52:00+01:00,2018.77,2018.77,2018.77,2018.77,0,0,0
2019-12-19 15:53:00+01:00,2018.73,2018.82,2018.73,2018.82,0,0,0
2019-12-19 15:54:00+01:00,2018.77,2018.77,2018.77,2018.77,0,0,0
2019-12-19 15:55:00+01:00,2018.66,2018.85,2018.66,2018.85,0,0,0
2019-12-19 15:56:00+01:00,2019.06,2019.06,2018.91,2018.91,0,0,0
2019-12-19 15:57:00+01:00,2018.82,2018.82,2018.82,2018.82,0,0,0
2019-12-19 15:58:00+01:00,2018.37,2018.39,2018.37,2018.39,0,0,0
2019-12-19 15:59:00+01:00,2018.33,2018.38,2018.33,2018.38,0,0,0
2019-12-19 16:00:00+01:00,2018.35,2018.35,2018.35,2018.35,0,0,0
2019-12-19 16:01:00+01:00,2018.64,2018.76,2018.64,2018.76,0,0,0
2019-12-19 16:02:00+01:00,2018.67,2018.88,2018.67,2018.88,0,0,0
2019-12-19 16:03:00+01:00,2019.02,2019.02,2019.02,2019.02,0,0,0
2019-12-19 16:04:00+01:00,2018.96,2018.96,2018.76,2018.76,0,0,0
2019-12-19 16:05:00+01:00,2018.47,2018.47,2018.47,2018.47,0,0,0
2019-12-19 16:06:00+01:00,2018.31,2018.31,2018.31,2018.31,0,0,0
2019-12-19 16:07:00+01:00,2018.71,2018.71,2018.26,2018.26,0,0,0
2019-12-19 16:08:00+01:00,2018.21,2018.21,2018.21,2018.21,0,0,0
2019-12-19 16:09:00+01:00,2018.3,2018.3,2018.3,2018.3,0,0,0
2019-12-19 16:10:00+01:00,2018.42,2018.52,2018.42,2018.52,0,0,0
2019-12-19 16:11:00+01:00,2018.63,2018.63,2018.63,2018.63,0,0,0
2019-12-19 16:12:00+01:00,2018.85,2019.1,2018.85,2019.1,0,0,0
2019-12-19 16:13:00+01:00,2018.93,2018.93,2018.93,2018.93,0,0,0
2019-12-19 16:14:00+01:00,2018.96,2018.96,2018.96,2018.96,0,0,0
2019-12-19 16:15:00+01:00,2018.85,2019.0,2018.85,2019.0,0,0,0
2019-12-19 16:16:00+01:00,2018.95,2018.95,2018.95,2018.95,0,0,0
2019-12-19 16:17:00+01:00,2018.79,2018.96,2018.79,2018.96,0,0,0
2019-12-19 16:18:00+01:00,2018.91,2018.91,2018.91,2018.91,0,0,0
2019-12-19 16:19:00+01:00,2018.93,2018.93,2018.92,2018.92,0,0,0
2019-12-19 16:20:00+01:00,2018.76,2018.87,2018.76,2018.87,0,0,0
2019-12-19 16:21:00+01:00,2018.75,2018.93,2018.75,2018.93,0,0,0
2019-12-19 16:22:00+01:00,2018.87,2018.87,2018.87,2018.87,0,0,0
2019-12-19 16:23:00+01:00,2018.82,2018.82,2018.82,2018.82,0,0,0
2019-12-19 16:24:00+01:00,2018.72,2018.72,2018.62,2018.62,0,0,0
2019-12-19 16:25:00+01:00,2018.5,2018.5,2018.36,2018.36,0,0,0
2019-12-19 16:26:00+01:00,2018.32,2018.39,2018.32,2018.39,0,0,0
2019-12-19 16:27:00+01:00,2018.69,2018.82,2018.69,2018.82,0,0,0
2019-12-19 16:28:00+01:00,2019.02,2019.02,2019.02,2019.02,0,0,0
2019-12-19 16:29:00+01:00,2019.51,2019.55,2019.51,2019.55,0,0,0
2019-12-19 16:30:00+01:00,2019.79,2019.79,2019.79,2019.79,0,0,0
2019-12-19 16:31:00+01:00,2019.75,2019.75,2019.73,2019.73,0,0,0
2019-12-19 16:32:00+01:00,2019.71,2019.71,2019.71,2019.71,0,0,0
2019-12-19 16:33:00+01:00,2019.97,2019.97,2019.97,2019.97,0,0,0
2019-12-19 16:34:00+01:00,2020.03,2020.03,2020.03,2020.03,0,0,0
2019-12-19 16:35:00+01:00,2019.92,2020.08,2019.92,2020.08,0,0,0
2019-12-19 16:36:00+01:00,2019.88,2019.88,2019.86,2019.86,0,0,0
2019-12-19 16:37:00+01:00,2019.95,2019.95,2019.93,2019.93,0,0,0
2019-12-19 16:38:00+01:00,2019.88,2019.88,2019.88,2019.88,0,0,0
2019-12-19 16:39:00+01:00,2019.72,2019.76,2019.72,2019.76,0,0,0
2019-12-19 16:40:00+01:00,2019.73,2019.79,2019.73,2019.79,0,0,0
2019-12-19 16:41:00+01:00,2019.61,2019.61,2019.49,2019.49,0,0,0
2019-12-19 16:42:00+01:00,2019.49,2019.49,2019.49,2019.49,0,0,0
2019-12-19 16:43:00+01:00,2019.56,2019.56,2019.38,2019.38,0,0,0
2019-12-19 16:44:00+01:00,2019.41,2019.41,2019.41,2019.41,0,0,0
2019-12-19 16:45:00+01:00,2019.6,2019.6,2019.6,2019.6,0,0,0
2019-12-19 16:46:00+01:00,2019.45,2019.45,2019.34,2019.34,0,0,0
2019-12-19 16:47:00+01:00,2019.27,2019.36,2019.27,2019.36,0,0,0
2019-12-19 16:48:00+01:00,2019.6,2019.6,2019.6,2019.6,0,0,0
2019-12-19 16:49:00+01:00,2019.83,2019.83,2019.58,2019.58,0,0,0
2019-12-19 16:50:00+01:00,2019.64,2019.64,2019.64,2019.64,0,0,0
2019-12-19 16:51:00+01:00,2019.34,2019.34,2019.19,2019.19,0,0,0
2019-12-19 16:52:00+01:00,2019.31,2019.44,2019.31,2019.44,0,0,0
2019-12-19 16:53:00+01:00,2019.63,2019.82,2019.63,2019.82,0,0,0
2019-12-19 16:54:00+01:00,2019.65,2020.03,2019.65,2020.03,0,0,0
2019-12-19 16:55:00+01:00,2019.86,2019.95,2019.86,2019.95,0,0,0
2019-12-19 16:56:00+01:00,2020.09,2020.09,2019.99,2019.99,0,0,0
2019-12-19 16:57:00+01:00,2020.09,2020.23,2020.09,2020.23,0,0,0
2019-12-19 16:58:00+01:00,2020.24,2020.24,2019.94,2019.94,0,0,0
2019-12-19 16:59:00+01:00,2020.19,2020.26,2020.19,2020.26,0,0,0
2019-12-19 17:00:00+01:00,2020.29,2020.29,2020.29,2020.29,0,0,0
2019-12-19 17:01:00+01:00,2020.02,2020.02,2019.97,2019.97,0,0,0
2019-12-19 17:02:00+01:00,2020.02,2020.13,2020.02,2020.13,0,0,0
2019-12-19 17:03:00+01:00,2019.96,2019.96,2019.8,2019.8,0,0,0
2019-12-19 17:04:00+01:00,2019.95,2019.97,2019.95,2019.97,0,0,0
2019-12-19 17:05:00+01:00,2019.96,2019.96,2019.96,2019.96,0,0,0
2019-12-19 17:06:00+01:00,2020.37,2020.53,2020.37,2020.53,0,0,0
2019-12-19 17:07:00+01:00,2020.61,2020.61,2020.61,2020.61,0,0,0
2019-12-19 17:08:00+01:00,2020.73,2020.73,2020.54,2020.54,0,0,0
2019-12-19 17:09:00+01:00,2020.54,2020.69,2020.54,2020.69,0,0,0
2019-12-19 17:10:00+01:00,2020.75,2020.75,2020.75,2020.75,0,0,0
2019-12-19 17:11:00+01:00,2020.79,2020.79,2020.27,2020.27,0,0,0
2019-12-19 17:12:00+01:00,2020.19,2020.37,2020.19,2020.37,0,0,0
2019-12-19 17:13:00+01:00,2020.44,2020.49,2020.44,2020.49,0,0,0
2019-12-19 17:14:00+01:00,2020.98,2020.98,2020.88,2020.88,0,0,0
2019-12-19 17:15:00+01:00,2020.87,2020.87,2020.76,2020.76,0,0,0
2019-12-19 17:16:00+01:00,2020.61,2020.61,2020.53,2020.53,0,0,0
2019-12-19 17:17:00+01:00,2020.58,2020.68,2020.58,2020.68,0,0,0
2019-12-19 17:18:00+01:00,2020.72,2020.72,2020.62,2020.62,0,0,0
2019-12-19 17:19:00+01:00,2020.85,2020.85,2020.57,2020.57,0,0,0
2019-12-19 17:20:00+01:00,2020.79,2020.79,2020.58,2020.58,0,0,0
2019-12-19 17:21:00+01:00,2020.73,2020.77,2020.73,2020.77,0,0,0
2019-12-19 17:22:00+01:00,2020.77,2020.77,2020.64,2020.64,0,0,0
2019-12-19 17:23:00+01:00,2020.74,2020.74,2020.65,2020.65,0,0,0
2019-12-19 17:24:00+01:00,2020.65,2020.65,2020.48,2020.48,0,0,0
2019-12-19 17:25:00+01:00,2020.32,2020.47,2020.32,2020.47,0,0,0
2019-12-19 17:26:00+01:00,2020.72,2020.78,2020.72,2020.78,0,0,0
2019-12-19 17:27:00+01:00,2020.56,2020.63,2020.56,2020.63,0,0,0
2019-12-19 17:28:00+01:00,2020.54,2020.68,2020.54,2020.68,0,0,0
2019-12-19 17:29:00+01:00,2020.91,2020.91,2020.66,2020.66,0,0,0
2019-12-20 09:00:00+01:00,2022.45,2023.71,2022.45,2023.71,0,0,0
2019-12-20 09:01:00+01:00,2024.19,2024.29,2024.19,2024.29,0,0,0
2019-12-20 09:02:00+01:00,2024.98,2025.06,2024.98,2025.06,0,0,0
2019-12-20 09:03:00+01:00,2025.27,2026.13,2025.27,2026.13,0,0,0
2019-12-20 09:04:00+01:00,2025.9,2025.9,2025.26,2025.26,0,0,0
2019-12-20 09:05:00+01:00,2025.19,2025.33,2025.19,2025.33,0,0,0
2019-12-20 09:06:00+01:00,2024.63,2024.98,2024.63,2024.98,0,0,0
2019-12-20 09:07:00+01:00,2025.13,2025.23,2025.13,2025.23,0,0,0
2019-12-20 09:08:00+01:00,2025.31,2025.31,2024.4,2024.4,0,0,0
2019-12-20 09:09:00+01:00,2024.1,2024.14,2024.1,2024.14,0,0,0
2019-12-20 09:10:00+01:00,2024.73,2025.4,2024.73,2025.4,0,0,0
2019-12-20 09:11:00+01:00,2025.21,2025.22,2025.21,2025.22,0,0,0
2019-12-20 09:12:00+01:00,2025.25,2025.25,2025.06,2025.06,0,0,0
2019-12-20 09:13:00+01:00,2024.43,2024.43,2024.3,2024.3,0,0,0
2019-12-20 09:14:00+01:00,2024.6,2024.78,2024.6,2024.78,0,0,0
2019-12-20 09:15:00+01:00,2024.63,2024.63,2024.43,2024.43,0,0,0
2019-12-20 09:16:00+01:00,2024.51,2024.75,2024.51,2024.71,0,0,0
2019-12-20 09:17:00+01:00,2024.54,2024.54,2024.41,2024.41,0,0,0
2019-12-20 09:18:00+01:00,2024.39,2024.44,2024.39,2024.44,0,0,0
2019-12-20 09:19:00+01:00,2024.22,2024.22,2023.91,2023.91,0,0,0
2019-12-20 09:20:00+01:00,2023.64,2023.64,2023.5,2023.5,0,0,0
2019-12-20 09:21:00+01:00,2023.51,2023.54,2023.51,2023.54,0,0,0
2019-12-20 09:22:00+01:00,2023.54,2023.54,2023.54,2023.54,0,0,0
2019-12-20 09:23:00+01:00,2023.58,2023.6,2023.58,2023.6,0,0,0
2019-12-20 09:24:00+01:00,2023.31,2023.31,2023.28,2023.28,0,0,0
2019-12-20 09:25:00+01:00,2023.45,2023.49,2023.45,2023.49,0,0,0
2019-12-20 09:26:00+01:00,2023.16,2023.16,2022.75,2022.75,0,0,0
2019-12-20 09:27:00+01:00,2022.76,2022.76,2022.59,2022.59,0,0,0
2019-12-20 09:28:00+01:00,2022.39,2022.39,2022.38,2022.38,0,0,0
2019-12-20 09:29:00+01:00,2023.41,2023.41,2023.16,2023.16,0,0,0
2019-12-20 09:30:00+01:00,2023.09,2023.09,2023.09,2023.09,0,0,0
2019-12-20 09:31:00+01:00,2022.61,2022.67,2022.61,2022.67,0,0,0
2019-12-20 09:32:00+01:00,2022.71,2022.71,2022.44,2022.44,0,0,0
2019-12-20 09:33:00+01:00,2022.33,2022.46,2022.33,2022.46,0,0,0
2019-12-20 09:34:00+01:00,2022.66,2022.85,2022.66,2022.85,0,0,0
2019-12-20 09:35:00+01:00,2023.03,2023.03,2022.99,2022.99,0,0,0
2019-12-20 09:36:00+01:00,2023.68,2025.35,2023.68,2025.35,0,0,0
2019-12-20 09:37:00+01:00,2025.83,2025.83,2025.3,2025.3,0,0,0
2019-12-20 09:38:00+01:00,2025.58,2025.67,2025.58,2025.67,0,0,0
2019-12-20 09:39:00+01:00,2025.61,2025.7,2025.61,2025.7,0,0,0
2019-12-20 09:40:00+01:00,2025.84,2025.87,2025.84,2025.87,0,0,0
2019-12-20 09:41:00+01:00,2025.35,2025.45,2025.35,2025.45,0,0,0
2019-12-20 09:42:00+01:00,2025.2,2025.2,2025.02,2025.02,0,0,0
2019-12-20 09:43:00+01:00,2024.91,2024.91,2024.85,2024.85,0,0,0
2019-12-20 09:44:00+01:00,2024.8,2024.8,2024.8,2024.8,0,0,0
2019-12-20 09:45:00+01:00,2025.81,2025.81,2025.44,2025.44,0,0,0
2019-12-20 09:46:00+01:00,2025.3,2025.3,2025.22,2025.22,0,0,0
2019-12-20 09:47:00+01:00,2025.06,2025.06,2024.95,2024.95,0,0,0
2019-12-20 09:48:00+01:00,2025.08,2025.26,2025.08,2025.26,0,0,0
2019-12-20 09:49:00+01:00,2025.21,2025.34,2025.21,2025.34,0,0,0
2019-12-20 09:50:00+01:00,2025.41,2025.41,2025.29,2025.29,0,0,0
2019-12-20 09:51:00+01:00,2025.38,2025.58,2025.38,2025.58,0,0,0
2019-12-20 09:52:00+01:00,2025.55,2025.55,2025.29,2025.29,0,0,0
2019-12-20 09:53:00+01:00,2025.29,2025.59,2025.29,2025.59,0,0,0
2019-12-20 09:54:00+01:00,2025.62,2025.69,2025.62,2025.69,0,0,0
2019-12-20 09:55:00+01:00,2025.59,2025.69,2025.59,2025.69,0,0,0
2019-12-20 09:56:00+01:00,2025.55,2025.55,2025.5,2025.5,0,0,0
2019-12-20 09:57:00+01:00,2025.43,2025.57,2025.43,2025.57,0,0,0
2019-12-20 09:58:00+01:00,2025.29,2025.43,2025.29,2025.43,0,0,0
2019-12-20 09:59:00+01:00,2024.91,2024.91,2024.17,2024.17,0,0,0
2019-12-20 10:00:00+01:00,2023.64,2023.7,2023.64,2023.7,0,0,0
2019-12-20 10:01:00+01:00,2023.51,2023.51,2023.16,2023.16,0,0,0
2019-12-20 10:02:00+01:00,2022.9,2022.9,2022.71,2022.71,0,0,0
2019-12-20 10:03:00+01:00,2022.66,2022.66,2022.36,2022.36,0,0,0
2019-12-20 10:04:00+01:00,2021.77,2022.18,2021.77,2022.18,0,0,0
2019-12-20 10:05:00+01:00,2022.2,2022.41,2022.2,2022.41,0,0,0
2019-12-20 10:06:00+01:00,2022.78,2022.78,2022.5,2022.5,0,0,0
2019-12-20 10:07:00+01:00,2022.34,2022.34,2022.12,2022.12,0,0,0
2019-12-20 10:08:00+01:00,2022.26,2022.3,2022.26,2022.3,0,0,0
2019-12-20 10:09:00+01:00,2022.34,2022.63,2022.34,2022.63,0,0,0
2019-12-20 10:10:00+01:00,2022.79,2022.89,2022.79,2022.89,0,0,0
2019-12-20 10:11:00+01:00,2022.74,2022.9,2022.74,2022.9,0,0,0
2019-12-20 10:12:00+01:00,2022.99,2023.14,2022.99,2023.14,0,0,0
2019-12-20 10:13:00+01:00,2023.2,2023.2,2022.99,2022.99,0,0,0
2019-12-20 10:14:00+01:00,2022.65,2022.66,2022.65,2022.66,0,0,0
2019-12-20 10:15:00+01:00,2022.69,2022.69,2022.38,2022.38,0,0,0
2019-12-20 10:16:00+01:00,2022.02,2022.02,2021.9,2021.9,0,0,0
2019-12-20 10:17:00+01:00,2021.72,2021.77,2021.72,2021.77,0,0,0
2019-12-20 10:18:00+01:00,2021.98,2021.98,2021.9,2021.9,0,0,0
2019-12-20 10:19:00+01:00,2022.19,2022.21,2022.19,2022.21,0,0,0
2019-12-20 10:20:00+01:00,2022.16,2022.16,2022.04,2022.04,0,0,0
2019-12-20 10:21:00+01:00,2021.7,2021.79,2021.7,2021.79,0,0,0
2019-12-20 10:22:00+01:00,2021.92,2022.13,2021.92,2022.13,0,0,0
2019-12-20 10:23:00+01:00,2022.07,2022.13,2022.07,2022.13,0,0,0
2019-12-20 10:24:00+01:00,2022.1,2022.38,2022.1,2022.38,0,0,0
2019-12-20 10:25:00+01:00,2022.17,2022.31,2022.17,2022.31,0,0,0
2019-12-20 10:26:00+01:00,2022.18,2022.18,2022.13,2022.13,0,0,0
2019-12-20 10:27:00+01:00,2021.52,2021.71,2021.52,2021.71,0,0,0
2019-12-20 10:28:00+01:00,2021.31,2021.39,2021.31,2021.39,0,0,0
2019-12-20 10:29:00+01:00,2021.26,2021.26,2021.01,2021.01,0,0,0
2019-12-20 10:30:00+01:00,2020.84,2020.84,2020.84,2020.84,0,0,0
2019-12-20 10:31:00+01:00,2020.98,2020.98,2020.84,2020.84,0,0,0
2019-12-20 10:32:00+01:00,2020.51,2020.53,2020.51,2020.53,0,0,0
2019-12-20 10:33:00+01:00,2020.49,2020.49,2020.37,2020.37,0,0,0
2019-12-20 10:34:00+01:00,2020.37,2020.37,2020.36,2020.36,0,0,0
2019-12-20 10:35:00+01:00,2020.33,2020.38,2020.33,2020.38,0,0,0
2019-12-20 10:36:00+01:00,2020.39,2020.39,2020.37,2020.37,0,0,0
2019-12-20 10:37:00+01:00,2020.28,2020.32,2020.28,2020.32,0,0,0
2019-12-20 10:38:00+01:00,2020.24,2020.24,2019.98,2019.98,0,0,0
2019-12-20 10:39:00+01:00,2019.99,2020.09,2019.99,2020.09,0,0,0
2019-12-20 10:40:00+01:00,2019.95,2020.13,2019.95,2020.13,0,0,0
2019-12-20 10:41:00+01:00,2019.86,2019.92,2019.86,2019.92,0,0,0
2019-12-20 10:42:00+01:00,2020.29,2020.46,2020.29,2020.46,0,0,0
2019-12-20 10:43:00+01:00,2021.12,2021.12,2020.6,2020.6,0,0,0
2019-12-20 10:44:00+01:00,2020.58,2020.58,2020.39,2020.39,0,0,0
2019-12-20 10:45:00+01:00,2020.43,2020.43,2020.4,2020.4,0,0,0
2019-12-20 10:46:00+01:00,2020.79,2020.79,2020.78,2020.78,0,0,0
2019-12-20 10:47:00+01:00,2020.74,2020.74,2020.68,2020.68,0,0,0
2019-12-20 10:48:00+01:00,2020.76,2020.76,2020.65,2020.65,0,0,0
2019-12-20 10:49:00+01:00,2020.58,2020.58,2020.53,2020.53,0,0,0
2019-12-20 10:50:00+01:00,2020.59,2020.73,2020.59,2020.73,0,0,0
2019-12-20 10:51:00+01:00,2020.21,2020.21,2019.84,2019.84,0,0,0
2019-12-20 10:52:00+01:00,2019.91,2020.03,2019.91,2020.03,0,0,0
2019-12-20 10:53:00+01:00,2020.2,2020.2,2020.19,2020.19,0,0,0
2019-12-20 10:54:00+01:00,2020.36,2020.37,2020.36,2020.37,0,0,0
2019-12-20 10:55:00+01:00,2020.41,2020.58,2020.41,2020.58,0,0,0
2019-12-20 10:56:00+01:00,2020.69,2020.83,2020.69,2020.83,0,0,0
2019-12-20 10:57:00+01:00,2020.81,2020.87,2020.81,2020.87,0,0,0
2019-12-20 10:58:00+01:00,2020.84,2020.84,2020.72,2020.72,0,0,0
2019-12-20 10:59:00+01:00,2020.95,2020.95,2020.86,2020.86,0,0,0
2019-12-20 11:00:00+01:00,2020.98,2021.2,2020.98,2021.2,0,0,0
2019-12-20 11:01:00+01:00,2020.84,2020.84,2020.8,2020.8,0,0,0
2019-12-20 11:02:00+01:00,2020.61,2020.78,2020.61,2020.78,0,0,0
2019-12-20 11:03:00+01:00,2020.62,2020.71,2020.62,2020.71,0,0,0
2019-12-20 11:04:00+01:00,2020.64,2020.64,2020.63,2020.63,0,0,0
2019-12-20 11:05:00+01:00,2020.67,2020.67,2020.57,2020.57,0,0,0
2019-12-20 11:06:00+01:00,2020.55,2020.65,2020.55,2020.65,0,0,0
2019-12-20 11:07:00+01:00,2020.66,2020.66,2020.65,2020.65,0,0,0
2019-12-20 11:08:00+01:00,2020.78,2020.78,2020.51,2020.51,0,0,0
2019-12-20 11:09:00+01:00,2020.64,2020.64,2020.41,2020.41,0,0,0
2019-12-20 11:10:00+01:00,2020.79,2020.79,2020.78,2020.78,0,0,0
2019-12-20 11:11:00+01:00,2020.67,2020.67,2020.62,2020.62,0,0,0
2019-12-20 11:12:00+01:00,2020.53,2020.79,2020.53,2020.79,0,0,0
2019-12-20 11:13:00+01:00,2020.38,2020.38,2020.17,2020.17,0,0,0
2019-12-20 11:14:00+01:00,2020.11,2020.11,2020.11,2020.11,0,0,0
2019-12-20 11:16:00+01:00,2020.33,2020.33,2020.11,2020.11,0,0,0
2019-12-20 11:17:00+01:00,2020.0,2020.11,2020.0,2020.11,0,0,0
2019-12-20 11:18:00+01:00,2020.01,2020.34,2020.01,2020.34,0,0,0
2019-12-20 11:19:00+01:00,2020.69,2020.86,2020.69,2020.86,0,0,0
2019-12-20 11:20:00+01:00,2020.69,2020.88,2020.69,2020.88,0,0,0
2019-12-20 11:21:00+01:00,2021.13,2021.29,2021.13,2021.29,0,0,0
2019-12-20 11:22:00+01:00,2021.2,2021.2,2021.13,2021.13,0,0,0
2019-12-20 11:23:00+01:00,2021.0,2021.28,2021.0,2021.28,0,0,0
2019-12-20 11:24:00+01:00,2021.41,2021.41,2021.4,2021.4,0,0,0
2019-12-20 11:25:00+01:00,2021.39,2021.39,2021.26,2021.26,0,0,0
2019-12-20 11:26:00+01:00,2021.3,2021.32,2021.3,2021.32,0,0,0
2019-12-20 11:27:00+01:00,2021.16,2021.16,2020.95,2020.95,0,0,0
2019-12-20 11:28:00+01:00,2020.94,2021.02,2020.94,2021.02,0,0,0
2019-12-20 11:29:00+01:00,2021.03,2021.07,2021.03,2021.07,0,0,0
2019-12-20 11:30:00+01:00,2020.96,2020.96,2020.65,2020.65,0,0,0
2019-12-20 11:31:00+01:00,2020.89,2020.89,2020.71,2020.71,0,0,0
2019-12-20 11:32:00+01:00,2020.54,2020.54,2020.21,2020.21,0,0,0
2019-12-20 11:33:00+01:00,2019.81,2019.81,2018.6,2018.6,0,0,0
2019-12-20 11:34:00+01:00,2018.98,2018.98,2018.73,2018.73,0,0,0
2019-12-20 11:35:00+01:00,2018.77,2018.77,2018.77,2018.77,0,0,0
2019-12-20 11:36:00+01:00,2019.16,2019.3,2019.16,2019.3,0,0,0
2019-12-20 11:37:00+01:00,2019.45,2019.45,2019.31,2019.31,0,0,0
2019-12-20 11:38:00+01:00,2019.32,2019.32,2019.24,2019.24,0,0,0
2019-12-20 11:39:00+01:00,2019.06,2019.18,2019.06,2019.18,0,0,0
2019-12-20 11:40:00+01:00,2019.21,2019.33,2019.21,2019.33,0,0,0
2019-12-20 11:41:00+01:00,2019.12,2019.12,2019.03,2019.03,0,0,0
2019-12-20 11:42:00+01:00,2019.08,2019.21,2019.08,2019.21,0,0,0
2019-12-20 11:43:00+01:00,2019.14,2019.14,2019.13,2019.13,0,0,0
2019-12-20 11:44:00+01:00,2019.18,2019.28,2019.18,2019.28,0,0,0
2019-12-20 11:45:00+01:00,2019.4,2019.41,2019.4,2019.41,0,0,0
2019-12-20 11:46:00+01:00,2019.62,2019.62,2019.51,2019.51,0,0,0
2019-12-20 11:47:00+01:00,2019.61,2019.74,2019.61,2019.74,0,0,0
2019-12-20 11:48:00+01:00,2019.84,2019.84,2019.56,2019.56,0,0,0
2019-12-20 11:49:00+01:00,2019.34,2019.49,2019.34,2019.49,0,0,0
2019-12-20 11:50:00+01:00,2021.25,2023.48,2021.25,2023.48,0,0,0
2019-12-20 11:51:00+01:00,2023.53,2025.12,2023.53,2025.12,0,0,0
2019-12-20 11:52:00+01:00,2024.68,2025.52,2024.68,2025.52,0,0,0
2019-12-20 11:53:00+01:00,2025.89,2025.89,2025.66,2025.66,0,0,0
2019-12-20 11:54:00+01:00,2026.04,2026.36,2026.04,2026.36,0,0,0
2019-12-20 11:55:00+01:00,2026.76,2026.76,2026.63,2026.63,0,0,0
2019-12-20 11:56:00+01:00,2026.1,2026.1,2026.05,2026.05,0,0,0
2019-12-20 11:57:00+01:00,2026.23,2026.4,2026.23,2026.4,0,0,0
2019-12-20 11:58:00+01:00,2026.42,2026.48,2026.42,2026.48,0,0,0
2019-12-20 11:59:00+01:00,2026.93,2026.93,2026.32,2026.32,0,0,0
2019-12-20 12:00:00+01:00,2026.73,2026.73,2026.4,2026.4,0,0,0
2019-12-20 12:01:00+01:00,2026.36,2026.36,2026.0,2026.0,0,0,0
2019-12-20 12:02:00+01:00,2025.82,2026.57,2025.82,2026.57,0,0,0
2019-12-20 12:03:00+01:00,2026.52,2026.52,2025.5,2025.5,0,0,0
2019-12-20 12:04:00+01:00,2025.49,2025.49,2025.35,2025.35,0,0,0
2019-12-20 12:05:00+01:00,2025.65,2025.65,2025.35,2025.35,0,0,0
2019-12-20 12:06:00+01:00,2025.07,2025.2,2025.07,2025.2,0,0,0
2019-12-20 12:07:00+01:00,2025.28,2025.3,2025.28,2025.3,0,0,0
2019-12-20 12:08:00+01:00,2024.89,2024.89,2023.89,2023.89,0,0,0
2019-12-20 12:09:00+01:00,2023.76,2023.76,2023.52,2023.52,0,0,0
2019-12-20 12:10:00+01:00,2023.26,2023.26,2023.17,2023.17,0,0,0
2019-12-20 12:11:00+01:00,2023.17,2023.23,2023.17,2023.23,0,0,0
2019-12-20 12:12:00+01:00,2023.41,2023.49,2023.41,2023.49,0,0,0
2019-12-20 12:13:00+01:00,2023.47,2023.69,2023.47,2023.69,0,0,0
2019-12-20 12:14:00+01:00,2023.92,2023.92,2023.57,2023.57,0,0,0
2019-12-20 12:15:00+01:00,2023.73,2023.73,2023.59,2023.59,0,0,0
2019-12-20 12:16:00+01:00,2023.53,2023.62,2023.53,2023.62,0,0,0
2019-12-20 12:17:00+01:00,2023.93,2023.93,2023.84,2023.84,0,0,0
2019-12-20 12:18:00+01:00,2023.6,2023.95,2023.6,2023.95,0,0,0
2019-12-20 12:19:00+01:00,2023.71,2023.87,2023.71,2023.87,0,0,0
2019-12-20 12:20:00+01:00,2024.09,2024.24,2024.09,2024.24,0,0,0
2019-12-20 12:21:00+01:00,2024.19,2024.24,2024.19,2024.24,0,0,0
2019-12-20 12:22:00+01:00,2024.19,2024.3,2024.19,2024.3,0,0,0
2019-12-20 12:23:00+01:00,2024.04,2024.04,2023.93,2023.93,0,0,0
2019-12-20 12:24:00+01:00,2024.08,2024.08,2023.99,2023.99,0,0,0
2019-12-20 12:25:00+01:00,2024.01,2024.28,2024.01,2024.28,0,0,0
2019-12-20 12:26:00+01:00,2024.32,2024.42,2024.32,2024.42,0,0,0
2019-12-20 12:27:00+01:00,2024.07,2024.07,2023.7,2023.7,0,0,0
2019-12-20 12:28:00+01:00,2023.9,2023.9,2023.72,2023.72,0,0,0
2019-12-20 12:29:00+01:00,2023.61,2024.0,2023.61,2024.0,0,0,0
2019-12-20 12:30:00+01:00,2024.46,2024.46,2024.06,2024.06,0,0,0
2019-12-20 12:31:00+01:00,2024.11,2024.11,2023.95,2023.95,0,0,0
2019-12-20 12:32:00+01:00,2023.83,2023.83,2023.43,2023.43,0,0,0
2019-12-20 12:33:00+01:00,2023.53,2023.53,2023.51,2023.51,0,0,0
2019-12-20 12:34:00+01:00,2023.62,2023.73,2023.62,2023.73,0,0,0
2019-12-20 12:35:00+01:00,2023.92,2023.92,2023.92,2023.92,0,0,0
2019-12-20 12:36:00+01:00,2024.04,2024.04,2023.87,2023.87,0,0,0
2019-12-20 12:37:00+01:00,2024.05,2024.05,2023.88,2023.88,0,0,0
2019-12-20 12:38:00+01:00,2023.84,2023.84,2023.8,2023.8,0,0,0
2019-12-20 12:39:00+01:00,2023.96,2023.96,2023.93,2023.93,0,0,0
2019-12-20 12:40:00+01:00,2023.95,2023.95,2023.92,2023.92,0,0,0
2019-12-20 12:41:00+01:00,2023.82,2023.82,2023.77,2023.77,0,0,0
2019-12-20 12:42:00+01:00,2023.69,2023.7,2023.69,2023.7,0,0,0
2019-12-20 12:43:00+01:00,2024.01,2024.01,2023.9,2023.9,0,0,0
2019-12-20 12:44:00+01:00,2023.8,2023.99,2023.8,2023.99,0,0,0
2019-12-20 12:45:00+01:00,2024.07,2024.07,2024.03,2024.03,0,0,0
2019-12-20 12:46:00+01:00,2024.26,2024.29,2024.25,2024.25,0,0,0
2019-12-20 12:47:00+01:00,2024.38,2024.38,2024.25,2024.25,0,0,0
2019-12-20 12:48:00+01:00,2024.59,2024.93,2024.59,2024.93,0,0,0
2019-12-20 12:49:00+01:00,2024.84,2024.84,2024.67,2024.67,0,0,0
2019-12-20 12:50:00+01:00,2024.67,2024.78,2024.67,2024.78,0,0,0
2019-12-20 12:51:00+01:00,2024.55,2024.81,2024.55,2024.81,0,0,0
2019-12-20 12:52:00+01:00,2025.26,2025.26,2025.21,2025.21,0,0,0
2019-12-20 12:53:00+01:00,2025.29,2025.29,2025.1,2025.27,0,0,0
2019-12-20 12:54:00+01:00,2025.27,2025.27,2025.02,2025.02,0,0,0
2019-12-20 12:55:00+01:00,2024.71,2024.79,2024.71,2024.79,0,0,0
2019-12-20 12:56:00+01:00,2024.83,2024.83,2024.64,2024.68,0,0,0
2019-12-20 12:57:00+01:00,2024.46,2024.46,2024.46,2024.46,0,0,0
2019-12-20 12:58:00+01:00,2024.02,2024.16,2024.02,2024.16,0,0,0
2019-12-20 12:59:00+01:00,2024.29,2024.29,2024.26,2024.26,0,0,0
2019-12-20 13:00:00+01:00,2024.33,2024.43,2024.33,2024.43,0,0,0
2019-12-20 13:01:00+01:00,2024.4,2024.4,2024.4,2024.4,0,0,0
2019-12-20 13:02:00+01:00,2024.43,2024.59,2024.43,2024.59,0,0,0
2019-12-20 13:03:00+01:00,2024.49,2024.49,2024.33,2024.33,0,0,0
2019-12-20 13:04:00+01:00,2024.29,2024.29,2024.01,2024.01,0,0,0
2019-12-20 13:05:00+01:00,2023.79,2023.79,2023.55,2023.55,0,0,0
2019-12-20 13:06:00+01:00,2023.5,2023.5,2023.49,2023.49,0,0,0
2019-12-20 13:07:00+01:00,2023.39,2023.56,2023.39,2023.56,0,0,0
2019-12-20 13:08:00+01:00,2023.09,2023.25,2023.09,2023.25,0,0,0
2019-12-20 13:09:00+01:00,2023.28,2023.61,2023.28,2023.61,0,0,0
2019-12-20 13:10:00+01:00,2023.59,2023.59,2023.5,2023.5,0,0,0
2019-12-20 13:11:00+01:00,2023.49,2023.54,2023.49,2023.54,0,0,0
2019-12-20 13:12:00+01:00,2023.52,2023.52,2023.49,2023.49,0,0,0
2019-12-20 13:13:00+01:00,2023.48,2023.48,2023.41,2023.45,0,0,0
2019-12-20 13:14:00+01:00,2023.77,2023.77,2023.58,2023.58,0,0,0
2019-12-20 13:15:00+01:00,2023.52,2023.65,2023.52,2023.65,0,0,0
2019-12-20 13:16:00+01:00,2023.67,2023.73,2023.67,2023.73,0,0,0
2019-12-20 13:17:00+01:00,2023.75,2023.97,2023.75,2023.97,0,0,0
2019-12-20 13:18:00+01:00,2023.74,2023.74,2023.63,2023.63,0,0,0
2019-12-20 13:19:00+01:00,2023.76,2023.78,2023.76,2023.78,0,0,0
2019-12-20 13:20:00+01:00,2023.6,2023.6,2023.55,2023.55,0,0,0
2019-12-20 13:21:00+01:00,2023.19,2023.32,2023.19,2023.32,0,0,0
2019-12-20 13:22:00+01:00,2023.43,2023.43,2023.35,2023.35,0,0,0
2019-12-20 13:23:00+01:00,2023.2,2023.2,2023.18,2023.18,0,0,0
2019-12-20 13:24:00+01:00,2023.06,2023.08,2023.06,2023.07,0,0,0
2019-12-20 13:25:00+01:00,2022.94,2023.09,2022.94,2023.09,0,0,0
2019-12-20 13:26:00+01:00,2023.09,2023.15,2023.09,2023.15,0,0,0
2019-12-20 13:27:00+01:00,2023.0,2023.1,2023.0,2023.1,0,0,0
2019-12-20 13:28:00+01:00,2023.11,2023.11,2022.7,2022.7,0,0,0
2019-12-20 13:29:00+01:00,2022.85,2022.85,2022.85,2022.85,0,0,0
2019-12-20 13:30:00+01:00,2023.32,2023.38,2023.32,2023.38,0,0,0
2019-12-20 13:31:00+01:00,2023.47,2023.47,2023.42,2023.42,0,0,0
2019-12-20 13:32:00+01:00,2023.47,2023.47,2023.39,2023.39,0,0,0
2019-12-20 13:33:00+01:00,2023.27,2023.27,2023.09,2023.09,0,0,0
2019-12-20 13:34:00+01:00,2023.33,2023.43,2023.33,2023.43,0,0,0
2019-12-20 13:35:00+01:00,2023.42,2023.42,2023.22,2023.22,0,0,0
2019-12-20 13:36:00+01:00,2023.31,2023.31,2023.3,2023.3,0,0,0
2019-12-20 13:37:00+01:00,2023.33,2023.33,2023.25,2023.25,0,0,0
2019-12-20 13:38:00+01:00,2023.21,2023.21,2023.19,2023.19,0,0,0
2019-12-20 13:39:00+01:00,2023.2,2023.2,2023.13,2023.13,0,0,0
2019-12-20 13:40:00+01:00,2022.98,2023.05,2022.98,2023.05,0,0,0
2019-12-20 13:41:00+01:00,2022.9,2022.9,2022.81,2022.81,0,0,0
2019-12-20 13:42:00+01:00,2022.94,2023.02,2022.94,2023.02,0,0,0
2019-12-20 13:43:00+01:00,2023.11,2023.29,2023.11,2023.29,0,0,0
2019-12-20 13:44:00+01:00,2023.53,2023.55,2023.53,2023.55,0,0,0
2019-12-20 13:45:00+01:00,2023.48,2023.5,2023.48,2023.5,0,0,0
2019-12-20 13:46:00+01:00,2023.47,2023.56,2023.47,2023.56,0,0,0
2019-12-20 13:47:00+01:00,2023.7,2023.7,2023.69,2023.69,0,0,0
2019-12-20 13:48:00+01:00,2023.48,2023.48,2023.4,2023.4,0,0,0
2019-12-20 13:49:00+01:00,2023.32,2023.42,2023.32,2023.42,0,0,0
2019-12-20 13:50:00+01:00,2023.65,2023.65,2023.6,2023.6,0,0,0
2019-12-20 13:51:00+01:00,2023.55,2023.83,2023.55,2023.83,0,0,0
2019-12-20 13:52:00+01:00,2023.95,2023.95,2023.63,2023.63,0,0,0
2019-12-20 13:53:00+01:00,2023.7,2023.71,2023.7,2023.71,0,0,0
2019-12-20 13:54:00+01:00,2023.51,2023.51,2023.51,2023.51,0,0,0
2019-12-20 13:55:00+01:00,2023.36,2023.36,2023.36,2023.36,0,0,0
2019-12-20 13:56:00+01:00,2023.87,2023.87,2023.87,2023.87,0,0,0
2019-12-20 13:57:00+01:00,2024.04,2024.05,2024.04,2024.05,0,0,0
2019-12-20 13:58:00+01:00,2023.78,2023.78,2023.61,2023.61,0,0,0
2019-12-20 13:59:00+01:00,2023.67,2023.67,2023.52,2023.52,0,0,0
2019-12-20 14:00:00+01:00,2023.65,2023.67,2023.65,2023.67,0,0,0
2019-12-20 14:01:00+01:00,2023.6,2023.6,2023.59,2023.59,0,0,0
2019-12-20 14:02:00+01:00,2023.36,2023.36,2023.3,2023.3,0,0,0
2019-12-20 14:03:00+01:00,2023.38,2023.48,2023.38,2023.48,0,0,0
2019-12-20 14:04:00+01:00,2023.6,2023.6,2023.5,2023.5,0,0,0
2019-12-20 14:05:00+01:00,2023.51,2023.51,2023.51,2023.51,0,0,0
2019-12-20 14:06:00+01:00,2023.57,2023.62,2023.57,2023.62,0,0,0
2019-12-20 14:07:00+01:00,2023.6,2023.6,2023.57,2023.57,0,0,0
2019-12-20 14:08:00+01:00,2023.64,2023.64,2023.61,2023.61,0,0,0
2019-12-20 14:09:00+01:00,2023.78,2024.33,2023.78,2024.33,0,0,0
2019-12-20 14:10:00+01:00,2024.1,2024.11,2024.1,2024.11,0,0,0
2019-12-20 14:11:00+01:00,2024.17,2024.17,2024.14,2024.14,0,0,0
2019-12-20 14:12:00+01:00,2024.17,2024.22,2024.17,2024.22,0,0,0
2019-12-20 14:13:00+01:00,2024.23,2024.51,2024.23,2024.51,0,0,0
2019-12-20 14:14:00+01:00,2024.54,2024.54,2024.52,2024.52,0,0,0
2019-12-20 14:15:00+01:00,2024.81,2024.82,2024.81,2024.82,0,0,0
2019-12-20 14:16:00+01:00,2024.65,2024.68,2024.65,2024.68,0,0,0
2019-12-20 14:17:00+01:00,2024.66,2024.82,2024.66,2024.82,0,0,0
2019-12-20 14:18:00+01:00,2025.03,2025.19,2025.03,2025.19,0,0,0
2019-12-20 14:19:00+01:00,2025.17,2025.17,2024.9,2024.9,0,0,0
2019-12-20 14:20:00+01:00,2025.01,2025.08,2025.01,2025.08,0,0,0
2019-12-20 14:21:00+01:00,2025.07,2025.07,2024.99,2024.99,0,0,0
2019-12-20 14:22:00+01:00,2024.87,2024.87,2024.74,2024.74,0,0,0
2019-12-20 14:23:00+01:00,2024.84,2024.92,2024.84,2024.92,0,0,0
2019-12-20 14:24:00+01:00,2025.06,2025.06,2024.99,2024.99,0,0,0
2019-12-20 14:25:00+01:00,2024.88,2025.03,2024.85,2025.03,0,0,0
2019-12-20 14:26:00+01:00,2024.87,2024.95,2024.87,2024.95,0,0,0
2019-12-20 14:27:00+01:00,2025.13,2025.13,2024.76,2024.76,0,0,0
2019-12-20 14:28:00+01:00,2024.83,2024.85,2024.83,2024.85,0,0,0
2019-12-20 14:29:00+01:00,2024.67,2024.9,2024.67,2024.9,0,0,0
2019-12-20 14:30:00+01:00,2024.99,2025.21,2024.99,2025.21,0,0,0
2019-12-20 14:31:00+01:00,2024.95,2025.36,2024.95,2025.36,0,0,0
2019-12-20 14:32:00+01:00,2025.39,2025.39,2025.36,2025.36,0,0,0
2019-12-20 14:33:00+01:00,2025.35,2025.77,2025.35,2025.77,0,0,0
2019-12-20 14:34:00+01:00,2025.73,2025.78,2025.73,2025.78,0,0,0
2019-12-20 14:35:00+01:00,2025.72,2025.73,2025.72,2025.73,0,0,0
2019-12-20 14:36:00+01:00,2025.86,2025.86,2025.75,2025.75,0,0,0
2019-12-20 14:37:00+01:00,2025.6,2025.6,2025.5,2025.5,0,0,0
2019-12-20 14:38:00+01:00,2025.49,2025.85,2025.49,2025.85,0,0,0
2019-12-20 14:39:00+01:00,2025.76,2025.76,2025.72,2025.72,0,0,0
2019-12-20 14:40:00+01:00,2025.95,2025.97,2025.95,2025.97,0,0,0
2019-12-20 14:41:00+01:00,2025.79,2025.79,2025.78,2025.78,0,0,0
2019-12-20 14:42:00+01:00,2025.76,2025.76,2025.75,2025.75,0,0,0
2019-12-20 14:43:00+01:00,2025.86,2025.86,2025.84,2025.84,0,0,0
2019-12-20 14:44:00+01:00,2025.93,2025.93,2025.61,2025.61,0,0,0
2019-12-20 14:45:00+01:00,2025.31,2025.31,2024.74,2024.74,0,0,0
2019-12-20 14:46:00+01:00,2024.95,2025.18,2024.95,2025.18,0,0,0
2019-12-20 14:47:00+01:00,2025.2,2025.2,2025.15,2025.15,0,0,0
2019-12-20 14:48:00+01:00,2025.36,2025.36,2025.16,2025.16,0,0,0
2019-12-20 14:49:00+01:00,2025.09,2025.22,2025.09,2025.22,0,0,0
2019-12-20 14:50:00+01:00,2025.62,2025.62,2024.96,2024.96,0,0,0
2019-12-20 14:51:00+01:00,2024.78,2024.78,2024.71,2024.71,0,0,0
2019-12-20 14:52:00+01:00,2024.73,2024.73,2024.67,2024.67,0,0,0
2019-12-20 14:53:00+01:00,2024.68,2024.73,2024.68,2024.73,0,0,0
2019-12-20 14:54:00+01:00,2024.71,2024.82,2024.71,2024.82,0,0,0
2019-12-20 14:55:00+01:00,2024.88,2024.88,2024.8,2024.82,0,0,0
2019-12-20 14:56:00+01:00,2024.96,2025.25,2024.96,2025.25,0,0,0
2019-12-20 14:57:00+01:00,2025.19,2025.27,2025.19,2025.27,0,0,0
2019-12-20 14:58:00+01:00,2025.35,2025.35,2025.25,2025.25,0,0,0
2019-12-20 14:59:00+01:00,2025.31,2025.36,2025.31,2025.36,0,0,0
2019-12-20 15:00:00+01:00,2025.47,2025.55,2025.47,2025.55,0,0,0
2019-12-20 15:01:00+01:00,2025.38,2025.38,2025.24,2025.24,0,0,0
2019-12-20 15:02:00+01:00,2025.51,2025.63,2025.51,2025.63,0,0,0
2019-12-20 15:03:00+01:00,2025.93,2025.98,2025.93,2025.98,0,0,0
2019-12-20 15:04:00+01:00,2025.97,2026.03,2025.97,2026.03,0,0,0
2019-12-20 15:05:00+01:00,2026.06,2026.11,2026.06,2026.11,0,0,0
2019-12-20 15:06:00+01:00,2025.97,2026.17,2025.97,2026.17,0,0,0
2019-12-20 15:07:00+01:00,2026.22,2026.33,2026.22,2026.33,0,0,0
2019-12-20 15:08:00+01:00,2026.57,2026.57,2026.47,2026.47,0,0,0
2019-12-20 15:09:00+01:00,2026.37,2026.37,2026.36,2026.36,0,0,0
2019-12-20 15:10:00+01:00,2026.36,2026.49,2026.36,2026.49,0,0,0
2019-12-20 15:11:00+01:00,2026.68,2026.94,2026.68,2026.94,0,0,0
2019-12-20 15:12:00+01:00,2026.87,2026.88,2026.87,2026.88,0,0,0
2019-12-20 15:13:00+01:00,2026.67,2026.67,2026.52,2026.52,0,0,0
2019-12-20 15:14:00+01:00,2026.4,2026.4,2026.19,2026.19,0,0,0
2019-12-20 15:15:00+01:00,2026.07,2026.1,2026.07,2026.1,0,0,0
2019-12-20 15:16:00+01:00,2026.07,2026.07,2026.07,2026.07,0,0,0
2019-12-20 15:17:00+01:00,2026.06,2026.15,2026.06,2026.15,0,0,0
2019-12-20 15:18:00+01:00,2026.18,2026.18,2026.18,2026.18,0,0,0
2019-12-20 15:19:00+01:00,2026.22,2026.22,2026.22,2026.22,0,0,0
2019-12-20 15:20:00+01:00,2026.13,2026.31,2026.13,2026.31,0,0,0
2019-12-20 15:21:00+01:00,2025.98,2025.98,2025.98,2025.98,0,0,0
2019-12-20 15:22:00+01:00,2026.05,2026.05,2026.05,2026.05,0,0,0
2019-12-20 15:23:00+01:00,2026.23,2026.23,2026.13,2026.13,0,0,0
2019-12-20 15:24:00+01:00,2026.15,2026.15,2026.15,2026.15,0,0,0
2019-12-20 15:25:00+01:00,2026.41,2026.41,2026.41,2026.41,0,0,0
2019-12-20 15:26:00+01:00,2026.54,2026.77,2026.54,2026.77,0,0,0
2019-12-20 15:27:00+01:00,2026.42,2026.42,2026.42,2026.42,0,0,0
2019-12-20 15:28:00+01:00,2026.6,2026.6,2026.6,2026.6,0,0,0
2019-12-20 15:29:00+01:00,2026.52,2026.74,2026.52,2026.74,0,0,0
2019-12-20 15:30:00+01:00,2026.41,2026.41,2026.41,2026.41,0,0,0
2019-12-20 15:31:00+01:00,2026.61,2026.61,2026.61,2026.61,0,0,0
2019-12-20 15:32:00+01:00,2026.56,2026.56,2026.46,2026.46,0,0,0
2019-12-20 15:33:00+01:00,2026.81,2026.81,2026.81,2026.81,0,0,0
2019-12-20 15:34:00+01:00,2027.7,2027.7,2027.7,2027.7,0,0,0
2019-12-20 15:35:00+01:00,2027.2,2027.2,2026.35,2026.35,0,0,0
2019-12-20 15:36:00+01:00,2025.97,2025.97,2025.97,2025.97,0,0,0
2019-12-20 15:37:00+01:00,2026.15,2026.15,2025.94,2025.94,0,0,0
2019-12-20 15:38:00+01:00,2026.05,2026.05,2026.05,2026.05,0,0,0
2019-12-20 15:39:00+01:00,2026.02,2026.12,2026.02,2026.12,0,0,0
2019-12-20 15:40:00+01:00,2025.93,2025.93,2025.67,2025.67,0,0,0
2019-12-20 15:41:00+01:00,2025.47,2025.67,2025.47,2025.67,0,0,0
2019-12-20 15:42:00+01:00,2025.44,2025.44,2025.44,2025.44,0,0,0
2019-12-20 15:43:00+01:00,2024.95,2024.96,2024.95,2024.96,0,0,0
2019-12-20 15:44:00+01:00,2024.89,2024.89,2024.7,2024.7,0,0,0
2019-12-20 15:45:00+01:00,2024.98,2024.98,2024.98,2024.98,0,0,0
2019-12-20 15:46:00+01:00,2025.27,2025.27,2025.16,2025.16,0,0,0
2019-12-20 15:47:00+01:00,2025.01,2025.01,2025.01,2025.01,0,0,0
2019-12-20 15:48:00+01:00,2025.13,2025.26,2025.13,2025.26,0,0,0
2019-12-20 15:49:00+01:00,2025.29,2025.29,2025.29,2025.29,0,0,0
2019-12-20 15:50:00+01:00,2025.34,2025.44,2025.34,2025.44,0,0,0
2019-12-20 15:51:00+01:00,2025.5,2025.5,2025.5,2025.5,0,0,0
2019-12-20 15:52:00+01:00,2025.85,2025.85,2025.85,2025.85,0,0,0
2019-12-20 15:53:00+01:00,2025.97,2026.35,2025.97,2026.35,0,0,0
2019-12-20 15:54:00+01:00,2026.37,2026.37,2026.37,2026.37,0,0,0
2019-12-20 15:55:00+01:00,2026.11,2026.63,2026.11,2026.63,0,0,0
2019-12-20 15:56:00+01:00,2026.42,2026.42,2026.4,2026.4,0,0,0
2019-12-20 15:57:00+01:00,2026.19,2026.19,2026.19,2026.19,0,0,0
2019-12-20 15:58:00+01:00,2026.04,2026.13,2026.04,2026.13,0,0,0
2019-12-20 15:59:00+01:00,2025.67,2025.67,2025.67,2025.67,0,0,0
2019-12-20 16:00:00+01:00,2025.64,2025.64,2025.64,2025.64,0,0,0
2019-12-20 16:01:00+01:00,2025.85,2025.85,2025.85,2025.85,0,0,0
2019-12-20 16:02:00+01:00,2025.51,2025.51,2025.04,2025.04,0,0,0
2019-12-20 16:03:00+01:00,2025.55,2025.55,2025.55,2025.55,0,0,0
2019-12-20 16:04:00+01:00,2025.83,2025.96,2025.83,2025.96,0,0,0
2019-12-20 16:05:00+01:00,2025.89,2025.9,2025.89,2025.9,0,0,0
2019-12-20 16:06:00+01:00,2025.61,2025.61,2025.61,2025.61,0,0,0
2019-12-20 16:07:00+01:00,2025.29,2025.29,2025.05,2025.05,0,0,0
2019-12-20 16:08:00+01:00,2024.96,2024.96,2024.78,2024.78,0,0,0
2019-12-20 16:09:00+01:00,2024.65,2024.65,2024.65,2024.65,0,0,0
2019-12-20 16:10:00+01:00,2024.56,2024.63,2024.56,2024.63,0,0,0
2019-12-20 16:11:00+01:00,2024.67,2024.67,2024.67,2024.67,0,0,0
2019-12-20 16:12:00+01:00,2024.55,2024.59,2024.55,2024.59,0,0,0
2019-12-20 16:13:00+01:00,2024.95,2025.18,2024.95,2025.18,0,0,0
2019-12-20 16:14:00+01:00,2024.81,2024.81,2024.71,2024.71,0,0,0
2019-12-20 16:15:00+01:00,2024.41,2024.43,2024.41,2024.43,0,0,0
2019-12-20 16:16:00+01:00,2024.77,2024.77,2024.77,2024.77,0,0,0
2019-12-20 16:17:00+01:00,2025.12,2025.12,2025.11,2025.11,0,0,0
2019-12-20 16:18:00+01:00,2025.31,2025.31,2025.31,2025.31,0,0,0
2019-12-20 16:19:00+01:00,2025.34,2025.39,2025.34,2025.39,0,0,0
2019-12-20 16:20:00+01:00,2025.02,2025.02,2024.75,2024.75,0,0,0
2019-12-20 16:21:00+01:00,2024.81,2024.81,2024.81,2024.81,0,0,0
2019-12-20 16:22:00+01:00,2025.0,2025.0,2025.0,2025.0,0,0,0
2019-12-20 16:23:00+01:00,2024.82,2024.82,2024.8,2024.8,0,0,0
2019-12-20 16:24:00+01:00,2024.94,2024.94,2024.94,2024.94,0,0,0
2019-12-20 16:25:00+01:00,2025.07,2025.64,2025.07,2025.64,0,0,0
2019-12-20 16:26:00+01:00,2025.82,2025.82,2025.8,2025.8,0,0,0
2019-12-20 16:27:00+01:00,2025.81,2025.81,2025.81,2025.81,0,0,0
2019-12-20 16:28:00+01:00,2026.26,2026.72,2026.26,2026.72,0,0,0
2019-12-20 16:29:00+01:00,2026.83,2026.9,2026.83,2026.9,0,0,0
2019-12-20 16:30:00+01:00,2026.94,2026.94,2026.94,2026.94,0,0,0
2019-12-20 16:31:00+01:00,2027.35,2027.4,2027.35,2027.4,0,0,0
2019-12-20 16:32:00+01:00,2027.21,2027.21,2027.21,2027.21,0,0,0
2019-12-20 16:33:00+01:00,2027.55,2027.55,2027.2,2027.2,0,0,0
2019-12-20 16:34:00+01:00,2027.45,2027.45,2027.45,2027.45,0,0,0
2019-12-20 16:35:00+01:00,2027.81,2027.81,2027.81,2027.81,0,0,0
2019-12-20 16:36:00+01:00,2027.66,2027.66,2027.44,2027.44,0,0,0
2019-12-20 16:37:00+01:00,2027.33,2027.33,2027.32,2027.32,0,0,0
2019-12-20 16:38:00+01:00,2027.21,2027.21,2027.06,2027.06,0,0,0
2019-12-20 16:39:00+01:00,2026.78,2027.16,2026.78,2027.16,0,0,0
2019-12-20 16:40:00+01:00,2027.25,2027.25,2027.2,2027.2,0,0,0
2019-12-20 16:41:00+01:00,2027.04,2027.04,2027.04,2027.04,0,0,0
2019-12-20 16:42:00+01:00,2027.07,2027.07,2026.98,2026.98,0,0,0
2019-12-20 16:43:00+01:00,2027.11,2027.11,2027.11,2027.11,0,0,0
2019-12-20 16:44:00+01:00,2027.08,2027.08,2026.8,2026.8,0,0,0
2019-12-20 16:45:00+01:00,2027.42,2027.42,2027.42,2027.42,0,0,0
2019-12-20 16:46:00+01:00,2027.34,2027.49,2027.34,2027.49,0,0,0
2019-12-20 16:47:00+01:00,2027.67,2027.67,2027.67,2027.67,0,0,0
2019-12-20 16:48:00+01:00,2027.92,2027.92,2027.83,2027.83,0,0,0
2019-12-20 16:49:00+01:00,2027.84,2028.04,2027.84,2028.04,0,0,0
2019-12-20 16:50:00+01:00,2027.91,2027.91,2027.89,2027.89,0,0,0
2019-12-20 16:51:00+01:00,2027.94,2027.99,2027.94,2027.99,0,0,0
2019-12-20 16:52:00+01:00,2028.03,2028.03,2027.64,2027.64,0,0,0
2019-12-20 16:53:00+01:00,2027.99,2028.06,2027.99,2028.06,0,0,0
2019-12-20 16:54:00+01:00,2028.12,2028.26,2028.12,2028.26,0,0,0
2019-12-20 16:55:00+01:00,2028.41,2028.41,2028.15,2028.15,0,0,0
2019-12-20 16:56:00+01:00,2028.33,2028.33,2028.33,2028.33,0,0,0
2019-12-20 16:57:00+01:00,2028.55,2029.07,2028.55,2029.07,0,0,0
2019-12-20 17:00:00+01:00,2028.69,2028.69,2028.69,2028.69,0,0,0
2019-12-20 17:01:00+01:00,2028.79,2028.79,2028.44,2028.44,0,0,0
2019-12-20 17:02:00+01:00,2028.38,2028.38,2028.38,2028.38,0,0,0
2019-12-20 17:03:00+01:00,2028.1,2028.3,2028.1,2028.3,0,0,0
2019-12-20 17:04:00+01:00,2028.16,2028.16,2028.16,2028.16,0,0,0
2019-12-20 17:05:00+01:00,2027.93,2027.93,2027.76,2027.76,0,0,0
2019-12-20 17:06:00+01:00,2027.78,2027.78,2027.78,2027.78,0,0,0
2019-12-20 17:07:00+01:00,2027.58,2027.58,2027.45,2027.45,0,0,0
2019-12-20 17:08:00+01:00,2027.64,2028.08,2027.64,2028.08,0,0,0
2019-12-20 17:09:00+01:00,2027.96,2027.96,2027.91,2027.91,0,0,0
2019-12-20 17:10:00+01:00,2027.97,2027.97,2027.97,2027.97,0,0,0
2019-12-20 17:11:00+01:00,2027.87,2027.87,2027.77,2027.77,0,0,0
2019-12-20 17:12:00+01:00,2027.75,2028.02,2027.75,2028.02,0,0,0
2019-12-20 17:13:00+01:00,2028.44,2028.44,2028.4,2028.4,0,0,0
2019-12-20 17:14:00+01:00,2028.37,2028.37,2028.37,2028.37,0,0,0
2019-12-20 17:15:00+01:00,2028.49,2028.49,2028.05,2028.05,0,0,0
2019-12-20 17:16:00+01:00,2027.83,2028.04,2027.83,2028.04,0,0,0
2019-12-20 17:17:00+01:00,2027.75,2027.75,2027.58,2027.58,0,0,0
2019-12-20 17:18:00+01:00,2027.65,2027.65,2027.59,2027.59,0,0,0
2019-12-20 17:19:00+01:00,2027.85,2027.85,2027.78,2027.78,0,0,0
2019-12-20 17:20:00+01:00,2027.87,2027.87,2027.81,2027.81,0,0,0
2019-12-20 17:21:00+01:00,2027.73,2027.9,2027.73,2027.9,0,0,0
2019-12-20 17:22:00+01:00,2027.91,2028.18,2027.91,2028.18,0,0,0
2019-12-20 17:23:00+01:00,2028.05,2028.07,2028.05,2028.07,0,0,0
2019-12-20 17:24:00+01:00,2028.18,2028.24,2028.18,2028.24,0,0,0
2019-12-20 17:25:00+01:00,2028.06,2028.06,2028.02,2028.02,0,0,0
2019-12-20 17:26:00+01:00,2028.03,2028.03,2027.85,2027.85,0,0,0
2019-12-20 17:28:00+01:00,2027.99,2027.99,2027.99,2027.99,0,0,0
2019-12-20 17:29:00+01:00,2028.0,2028.28,2028.0,2028.28,0,0,0
2019-12-23 09:00:00+01:00,2026.1,2026.1,2025.94,2025.94,0,0,0
2019-12-23 09:01:00+01:00,2026.14,2026.61,2026.14,2026.61,0,0,0
2019-12-23 09:02:00+01:00,2028.03,2028.59,2028.03,2028.59,0,0,0
2019-12-23 09:03:00+01:00,2028.37,2029.18,2028.37,2029.18,0,0,0
2019-12-23 09:04:00+01:00,2029.3,2029.43,2029.3,2029.43,0,0,0
2019-12-23 09:05:00+01:00,2028.37,2028.37,2028.37,2028.37,0,0,0
2019-12-23 09:06:00+01:00,2027.57,2027.59,2027.57,2027.59,0,0,0
2019-12-23 09:07:00+01:00,2027.32,2027.4,2027.32,2027.4,0,0,0
2019-12-23 09:08:00+01:00,2027.25,2027.27,2027.25,2027.27,0,0,0
2019-12-23 09:09:00+01:00,2026.35,2026.48,2026.35,2026.48,0,0,0
2019-12-23 09:10:00+01:00,2025.47,2025.47,2025.07,2025.07,0,0,0
2019-12-23 09:11:00+01:00,2025.2,2025.2,2024.77,2024.77,0,0,0
2019-12-23 09:12:00+01:00,2025.12,2025.12,2025.07,2025.07,0,0,0
2019-12-23 09:13:00+01:00,2024.96,2025.43,2024.96,2025.43,0,0,0
2019-12-23 09:14:00+01:00,2024.99,2024.99,2024.84,2024.84,0,0,0
2019-12-23 09:15:00+01:00,2024.87,2024.87,2024.79,2024.79,0,0,0
2019-12-23 09:16:00+01:00,2024.95,2025.0,2024.95,2025.0,0,0,0
2019-12-23 09:17:00+01:00,2025.07,2025.07,2025.04,2025.04,0,0,0
2019-12-23 09:18:00+01:00,2024.61,2024.64,2024.61,2024.64,0,0,0
2019-12-23 09:19:00+01:00,2025.04,2025.04,2024.68,2024.68,0,0,0
2019-12-23 09:20:00+01:00,2024.64,2025.78,2024.64,2025.78,0,0,0
2019-12-23 09:21:00+01:00,2025.48,2025.48,2025.42,2025.42,0,0,0
2019-12-23 09:22:00+01:00,2024.79,2024.92,2024.79,2024.92,0,0,0
2019-12-23 09:23:00+01:00,2024.41,2024.62,2024.41,2024.62,0,0,0
2019-12-23 09:24:00+01:00,2024.72,2024.74,2024.72,2024.74,0,0,0
2019-12-23 09:25:00+01:00,2024.75,2024.77,2024.75,2024.77,0,0,0
2019-12-23 09:26:00+01:00,2024.67,2025.01,2024.67,2025.01,0,0,0
2019-12-23 09:27:00+01:00,2025.21,2025.21,2025.13,2025.13,0,0,0
2019-12-23 09:28:00+01:00,2025.29,2025.29,2025.22,2025.22,0,0,0
2019-12-23 09:29:00+01:00,2025.18,2025.56,2025.18,2025.56,0,0,0
2019-12-23 09:30:00+01:00,2025.75,2025.75,2025.57,2025.57,0,0,0
2019-12-23 09:31:00+01:00,2025.86,2025.93,2025.86,2025.93,0,0,0
2019-12-23 09:32:00+01:00,2025.45,2025.49,2025.45,2025.49,0,0,0
2019-12-23 09:33:00+01:00,2025.36,2025.36,2025.34,2025.34,0,0,0
2019-12-23 09:34:00+01:00,2025.24,2025.24,2025.07,2025.07,0,0,0
2019-12-23 09:35:00+01:00,2024.77,2024.81,2024.77,2024.81,0,0,0
2019-12-23 09:36:00+01:00,2024.93,2024.99,2024.93,2024.99,0,0,0
2019-12-23 09:37:00+01:00,2025.34,2025.57,2025.34,2025.57,0,0,0
2019-12-23 09:38:00+01:00,2025.88,2025.88,2025.7,2025.7,0,0,0
2019-12-23 09:39:00+01:00,2025.92,2026.12,2025.92,2026.12,0,0,0
2019-12-23 09:40:00+01:00,2026.2,2026.2,2025.97,2025.97,0,0,0
2019-12-23 09:41:00+01:00,2025.93,2026.01,2025.93,2026.01,0,0,0
2019-12-23 09:42:00+01:00,2025.92,2025.92,2025.92,2025.92,0,0,0
2019-12-23 09:43:00+01:00,2026.19,2026.19,2026.15,2026.15,0,0,0
2019-12-23 09:44:00+01:00,2025.97,2026.37,2025.97,2026.37,0,0,0
2019-12-23 09:45:00+01:00,2026.31,2026.31,2026.15,2026.15,0,0,0
2019-12-23 09:46:00+01:00,2026.32,2026.32,2026.23,2026.23,0,0,0
2019-12-23 09:47:00+01:00,2025.97,2025.97,2025.74,2025.74,0,0,0
2019-12-23 09:48:00+01:00,2025.69,2025.81,2025.69,2025.81,0,0,0
2019-12-23 09:49:00+01:00,2025.68,2025.68,2025.49,2025.49,0,0,0
2019-12-23 09:50:00+01:00,2025.07,2025.07,2024.63,2024.63,0,0,0
2019-12-23 09:51:00+01:00,2024.49,2024.61,2024.49,2024.61,0,0,0
2019-12-23 09:52:00+01:00,2024.76,2024.94,2024.76,2024.94,0,0,0
2019-12-23 09:53:00+01:00,2025.13,2025.13,2025.09,2025.09,0,0,0
2019-12-23 09:54:00+01:00,2024.95,2025.11,2024.95,2025.11,0,0,0
2019-12-23 09:55:00+01:00,2025.24,2025.24,2025.01,2025.01,0,0,0
2019-12-23 09:56:00+01:00,2025.1,2025.1,2024.85,2024.85,0,0,0
2019-12-23 09:57:00+01:00,2025.0,2025.0,2024.64,2024.64,0,0,0
2019-12-23 09:58:00+01:00,2024.69,2024.69,2024.59,2024.59,0,0,0
2019-12-23 09:59:00+01:00,2024.39,2024.41,2024.39,2024.41,0,0,0
2019-12-23 10:00:00+01:00,2024.07,2024.07,2023.89,2023.89,0,0,0
2019-12-23 10:01:00+01:00,2023.74,2023.74,2023.35,2023.35,0,0,0
2019-12-23 10:02:00+01:00,2023.48,2023.48,2023.2,2023.2,0,0,0
2019-12-23 10:03:00+01:00,2023.78,2024.04,2023.78,2024.04,0,0,0
2019-12-23 10:04:00+01:00,2024.27,2024.27,2024.22,2024.22,0,0,0
2019-12-23 10:05:00+01:00,2024.42,2024.42,2024.27,2024.27,0,0,0
2019-12-23 10:06:00+01:00,2024.42,2024.42,2024.23,2024.23,0,0,0
2019-12-23 10:07:00+01:00,2024.22,2024.42,2024.22,2024.42,0,0,0
2019-12-23 10:08:00+01:00,2024.35,2024.59,2024.35,2024.59,0,0,0
2019-12-23 10:09:00+01:00,2024.67,2024.67,2024.55,2024.55,0,0,0
2019-12-23 10:10:00+01:00,2024.56,2024.56,2024.39,2024.39,0,0,0
2019-12-23 10:11:00+01:00,2024.39,2024.39,2024.34,2024.34,0,0,0
2019-12-23 10:12:00+01:00,2024.12,2024.3,2024.12,2024.3,0,0,0
2019-12-23 10:13:00+01:00,2024.34,2024.34,2024.34,2024.34,0,0,0
2019-12-23 10:14:00+01:00,2024.35,2024.35,2024.14,2024.14,0,0,0
2019-12-23 10:15:00+01:00,2023.59,2023.71,2023.59,2023.71,0,0,0
2019-12-23 10:16:00+01:00,2023.53,2023.75,2023.53,2023.75,0,0,0
2019-12-23 10:17:00+01:00,2024.16,2025.08,2024.16,2025.08,0,0,0
2019-12-23 10:18:00+01:00,2024.86,2024.86,2024.23,2024.23,0,0,0
2019-12-23 10:19:00+01:00,2024.2,2024.25,2024.2,2024.25,0,0,0
2019-12-23 10:20:00+01:00,2024.24,2024.24,2024.2,2024.2,0,0,0
2019-12-23 10:21:00+01:00,2024.66,2024.66,2024.44,2024.44,0,0,0
2019-12-23 10:22:00+01:00,2024.62,2024.62,2024.22,2024.22,0,0,0
2019-12-23 10:23:00+01:00,2023.85,2023.85,2023.85,2023.85,0,0,0
2019-12-23 10:24:00+01:00,2024.01,2024.22,2024.01,2024.22,0,0,0
2019-12-23 10:25:00+01:00,2024.35,2024.35,2024.35,2024.35,0,0,0
2019-12-23 10:26:00+01:00,2024.41,2024.62,2024.41,2024.62,0,0,0
2019-12-23 10:27:00+01:00,2024.5,2024.54,2024.5,2024.54,0,0,0
2019-12-23 10:28:00+01:00,2024.62,2024.66,2024.62,2024.66,0,0,0
2019-12-23 10:29:00+01:00,2024.51,2024.51,2024.37,2024.37,0,0,0
2019-12-23 10:30:00+01:00,2024.32,2024.44,2024.32,2024.44,0,0,0
2019-12-23 10:31:00+01:00,2024.65,2024.71,2024.65,2024.71,0,0,0
2019-12-23 10:32:00+01:00,2024.68,2025.22,2024.68,2025.22,0,0,0
2019-12-23 10:33:00+01:00,2025.14,2025.14,2024.9,2024.9,0,0,0
2019-12-23 10:34:00+01:00,2024.71,2024.71,2024.67,2024.67,0,0,0
2019-12-23 10:35:00+01:00,2024.22,2024.22,2024.0,2024.0,0,0,0
2019-12-23 10:36:00+01:00,2023.91,2023.99,2023.91,2023.99,0,0,0
2019-12-23 10:37:00+01:00,2023.77,2023.77,2023.73,2023.73,0,0,0
2019-12-23 10:38:00+01:00,2023.65,2023.65,2023.32,2023.32,0,0,0
2019-12-23 10:39:00+01:00,2023.2,2023.29,2023.2,2023.29,0,0,0
2019-12-23 10:40:00+01:00,2023.5,2023.5,2023.36,2023.36,0,0,0
2019-12-23 10:41:00+01:00,2022.98,2023.29,2022.98,2023.29,0,0,0
2019-12-23 10:42:00+01:00,2023.33,2023.53,2023.33,2023.53,0,0,0
2019-12-23 10:43:00+01:00,2023.47,2023.47,2023.41,2023.41,0,0,0
2019-12-23 10:44:00+01:00,2023.33,2023.33,2023.06,2023.06,0,0,0
2019-12-23 10:45:00+01:00,2023.21,2023.32,2023.21,2023.32,0,0,0
2019-12-23 10:46:00+01:00,2022.99,2022.99,2022.98,2022.98,0,0,0
2019-12-23 10:47:00+01:00,2023.06,2023.27,2023.06,2023.27,0,0,0
2019-12-23 10:48:00+01:00,2023.37,2023.37,2023.25,2023.25,0,0,0
2019-12-23 10:49:00+01:00,2023.26,2023.39,2023.26,2023.39,0,0,0
2019-12-23 10:50:00+01:00,2023.58,2023.58,2023.26,2023.26,0,0,0
2019-12-23 10:51:00+01:00,2023.22,2023.22,2023.13,2023.13,0,0,0
2019-12-23 10:52:00+01:00,2023.19,2023.19,2022.9,2022.9,0,0,0
2019-12-23 10:53:00+01:00,2022.91,2023.05,2022.91,2023.05,0,0,0
2019-12-23 10:54:00+01:00,2023.11,2023.11,2023.03,2023.03,0,0,0
2019-12-23 10:55:00+01:00,2022.97,2022.97,2022.92,2022.92,0,0,0
2019-12-23 10:56:00+01:00,2023.16,2023.18,2023.04,2023.18,0,0,0
2019-12-23 10:57:00+01:00,2023.32,2023.44,2023.32,2023.44,0,0,0
2019-12-23 10:58:00+01:00,2023.34,2023.55,2023.34,2023.55,0,0,0
2019-12-23 10:59:00+01:00,2023.49,2023.49,2023.45,2023.45,0,0,0
2019-12-23 11:00:00+01:00,2023.52,2023.54,2023.52,2023.54,0,0,0
2019-12-23 11:01:00+01:00,2023.16,2023.17,2023.16,2023.17,0,0,0
2019-12-23 11:02:00+01:00,2023.23,2023.35,2023.23,2023.35,0,0,0
2019-12-23 11:03:00+01:00,2022.84,2022.92,2022.84,2022.92,0,0,0
2019-12-23 11:04:00+01:00,2022.63,2022.63,2022.58,2022.58,0,0,0
2019-12-23 11:05:00+01:00,2022.65,2022.65,2022.38,2022.38,0,0,0
2019-12-23 11:06:00+01:00,2022.41,2022.41,2022.35,2022.35,0,0,0
2019-12-23 11:07:00+01:00,2022.37,2022.48,2022.37,2022.48,0,0,0
2019-12-23 11:08:00+01:00,2022.31,2022.31,2022.31,2022.31,0,0,0
2019-12-23 11:09:00+01:00,2022.57,2022.91,2022.57,2022.91,0,0,0
2019-12-23 11:10:00+01:00,2022.99,2022.99,2022.93,2022.93,0,0,0
2019-12-23 11:11:00+01:00,2022.84,2022.84,2022.64,2022.64,0,0,0
2019-12-23 11:12:00+01:00,2022.92,2022.92,2022.92,2022.92,0,0,0
2019-12-23 11:13:00+01:00,2023.21,2023.36,2023.21,2023.34,0,0,0
2019-12-23 11:14:00+01:00,2023.4,2023.4,2023.37,2023.37,0,0,0
2019-12-23 11:15:00+01:00,2023.35,2023.38,2023.31,2023.31,0,0,0
2019-12-23 11:16:00+01:00,2023.36,2023.36,2023.3,2023.33,0,0,0
2019-12-23 11:17:00+01:00,2022.78,2022.78,2022.69,2022.69,0,0,0
2019-12-23 11:18:00+01:00,2022.69,2022.78,2022.69,2022.78,0,0,0
2019-12-23 11:19:00+01:00,2022.77,2022.96,2022.77,2022.96,0,0,0
2019-12-23 11:20:00+01:00,2022.99,2023.15,2022.99,2023.15,0,0,0
2019-12-23 11:21:00+01:00,2023.04,2023.05,2023.04,2023.05,0,0,0
2019-12-23 11:22:00+01:00,2022.71,2022.71,2022.71,2022.71,0,0,0
2019-12-23 11:23:00+01:00,2022.79,2023.36,2022.79,2023.36,0,0,0
2019-12-23 11:24:00+01:00,2023.21,2023.33,2023.21,2023.33,0,0,0
2019-12-23 11:25:00+01:00,2023.25,2023.25,2022.94,2022.94,0,0,0
2019-12-23 11:26:00+01:00,2022.99,2023.09,2022.99,2023.09,0,0,0
2019-12-23 11:27:00+01:00,2023.16,2023.19,2023.16,2023.19,0,0,0
2019-12-23 11:28:00+01:00,2023.12,2023.12,2023.12,2023.12,0,0,0
2019-12-23 11:29:00+01:00,2023.17,2023.17,2023.1,2023.1,0,0,0
2019-12-23 11:30:00+01:00,2023.32,2023.5,2023.32,2023.5,0,0,0
2019-12-23 11:31:00+01:00,2023.44,2023.57,2023.44,2023.57,0,0,0
2019-12-23 11:32:00+01:00,2023.43,2023.5,2023.43,2023.5,0,0,0
2019-12-23 11:33:00+01:00,2023.43,2023.62,2023.43,2023.62,0,0,0
2019-12-23 11:34:00+01:00,2023.61,2023.61,2023.26,2023.26,0,0,0
2019-12-23 11:35:00+01:00,2023.38,2023.38,2023.31,2023.31,0,0,0
2019-12-23 11:36:00+01:00,2023.5,2023.5,2023.42,2023.42,0,0,0
2019-12-23 11:37:00+01:00,2023.4,2023.66,2023.4,2023.66,0,0,0
2019-12-23 11:38:00+01:00,2023.56,2023.56,2023.33,2023.35,0,0,0
2019-12-23 11:39:00+01:00,2023.31,2023.45,2023.31,2023.45,0,0,0
2019-12-23 11:40:00+01:00,2023.43,2023.43,2023.27,2023.27,0,0,0
2019-12-23 11:41:00+01:00,2023.45,2023.45,2023.4,2023.4,0,0,0
2019-12-23 11:42:00+01:00,2023.39,2023.43,2023.39,2023.43,0,0,0
2019-12-23 11:43:00+01:00,2023.14,2023.14,2023.07,2023.07,0,0,0
2019-12-23 11:44:00+01:00,2022.95,2023.04,2022.95,2023.04,0,0,0
2019-12-23 11:45:00+01:00,2023.08,2023.14,2023.08,2023.14,0,0,0
2019-12-23 11:46:00+01:00,2023.35,2023.4,2023.35,2023.4,0,0,0
2019-12-23 11:47:00+01:00,2023.31,2023.31,2023.29,2023.29,0,0,0
2019-12-23 11:48:00+01:00,2023.43,2023.44,2023.43,2023.44,0,0,0
2019-12-23 11:49:00+01:00,2023.37,2023.37,2023.14,2023.14,0,0,0
2019-12-23 11:50:00+01:00,2023.45,2023.45,2023.45,2023.45,0,0,0
2019-12-23 11:51:00+01:00,2023.39,2023.52,2023.39,2023.52,0,0,0
2019-12-23 11:52:00+01:00,2023.39,2023.53,2023.39,2023.49,0,0,0
2019-12-23 11:53:00+01:00,2023.38,2023.53,2023.38,2023.53,0,0,0
2019-12-23 11:54:00+01:00,2023.31,2023.46,2023.31,2023.46,0,0,0
2019-12-23 11:55:00+01:00,2023.48,2023.7,2023.48,2023.7,0,0,0
2019-12-23 11:56:00+01:00,2023.67,2023.67,2023.51,2023.51,0,0,0
2019-12-23 11:57:00+01:00,2023.62,2023.62,2023.55,2023.55,0,0,0
2019-12-23 11:58:00+01:00,2023.61,2023.79,2023.61,2023.79,0,0,0
2019-12-23 11:59:00+01:00,2023.8,2023.8,2023.59,2023.59,0,0,0
2019-12-23 12:00:00+01:00,2023.66,2023.82,2023.66,2023.82,0,0,0
2019-12-23 12:01:00+01:00,2023.78,2023.92,2023.78,2023.92,0,0,0
2019-12-23 12:02:00+01:00,2024.23,2024.23,2024.01,2024.01,0,0,0
2019-12-23 12:03:00+01:00,2024.24,2024.24,2024.16,2024.16,0,0,0
2019-12-23 12:04:00+01:00,2024.16,2024.37,2024.16,2024.37,0,0,0
2019-12-23 12:05:00+01:00,2024.3,2024.3,2024.18,2024.18,0,0,0
2019-12-23 12:06:00+01:00,2024.64,2024.64,2024.59,2024.59,0,0,0
2019-12-23 12:07:00+01:00,2024.58,2024.58,2024.49,2024.49,0,0,0
2019-12-23 12:08:00+01:00,2024.45,2024.45,2024.39,2024.39,0,0,0
2019-12-23 12:09:00+01:00,2024.36,2024.36,2024.26,2024.26,0,0,0
2019-12-23 12:10:00+01:00,2024.1,2024.5,2024.1,2024.5,0,0,0
2019-12-23 12:11:00+01:00,2024.67,2024.73,2024.6,2024.73,0,0,0
2019-12-23 12:12:00+01:00,2024.45,2024.45,2024.35,2024.43,0,0,0
2019-12-23 12:13:00+01:00,2024.47,2024.56,2024.47,2024.56,0,0,0
2019-12-23 12:14:00+01:00,2024.62,2024.62,2024.53,2024.57,0,0,0
2019-12-23 12:15:00+01:00,2024.61,2024.61,2024.58,2024.58,0,0,0
2019-12-23 12:16:00+01:00,2024.36,2024.51,2024.36,2024.51,0,0,0
2019-12-23 12:17:00+01:00,2024.5,2024.54,2024.5,2024.54,0,0,0
2019-12-23 12:18:00+01:00,2024.46,2024.46,2024.43,2024.43,0,0,0
2019-12-23 12:19:00+01:00,2024.67,2024.68,2024.67,2024.68,0,0,0
2019-12-23 12:20:00+01:00,2024.53,2024.58,2024.53,2024.58,0,0,0
2019-12-23 12:21:00+01:00,2024.57,2024.57,2024.5,2024.5,0,0,0
2019-12-23 12:22:00+01:00,2024.28,2024.28,2024.16,2024.16,0,0,0
2019-12-23 12:23:00+01:00,2024.24,2024.24,2024.14,2024.14,0,0,0
2019-12-23 12:24:00+01:00,2024.2,2024.25,2024.2,2024.25,0,0,0
2019-12-23 12:25:00+01:00,2024.21,2024.21,2023.86,2023.86,0,0,0
2019-12-23 12:26:00+01:00,2023.71,2023.71,2023.7,2023.7,0,0,0
2019-12-23 12:27:00+01:00,2023.67,2023.86,2023.67,2023.86,0,0,0
2019-12-23 12:28:00+01:00,2023.85,2023.85,2023.85,2023.85,0,0,0
2019-12-23 12:29:00+01:00,2023.77,2023.77,2023.71,2023.77,0,0,0
2019-12-23 12:30:00+01:00,2023.79,2023.79,2023.77,2023.77,0,0,0
2019-12-23 12:31:00+01:00,2023.94,2023.94,2023.93,2023.93,0,0,0
2019-12-23 12:32:00+01:00,2023.85,2023.85,2023.85,2023.85,0,0,0
2019-12-23 12:33:00+01:00,2023.82,2023.82,2023.78,2023.78,0,0,0
2019-12-23 12:34:00+01:00,2023.72,2023.84,2023.72,2023.84,0,0,0
2019-12-23 12:35:00+01:00,2023.78,2023.81,2023.78,2023.81,0,0,0
2019-12-23 12:36:00+01:00,2023.81,2023.81,2023.67,2023.67,0,0,0
2019-12-23 12:37:00+01:00,2023.49,2023.57,2023.49,2023.57,0,0,0
2019-12-23 12:38:00+01:00,2023.78,2023.78,2023.66,2023.66,0,0,0
2019-12-23 12:39:00+01:00,2023.91,2023.92,2023.91,2023.92,0,0,0
2019-12-23 12:40:00+01:00,2024.16,2024.19,2024.16,2024.19,0,0,0
2019-12-23 12:41:00+01:00,2024.2,2024.2,2024.09,2024.09,0,0,0
2019-12-23 12:42:00+01:00,2023.97,2023.97,2023.82,2023.82,0,0,0
2019-12-23 12:43:00+01:00,2024.05,2024.05,2023.97,2023.97,0,0,0
2019-12-23 12:44:00+01:00,2023.97,2023.97,2023.89,2023.89,0,0,0
2019-12-23 12:45:00+01:00,2023.75,2023.82,2023.75,2023.82,0,0,0
2019-12-23 12:46:00+01:00,2023.92,2024.23,2023.92,2024.23,0,0,0
2019-12-23 12:47:00+01:00,2024.05,2024.05,2023.83,2023.83,0,0,0
2019-12-23 12:48:00+01:00,2023.71,2023.72,2023.71,2023.72,0,0,0
2019-12-23 12:49:00+01:00,2023.59,2023.78,2023.59,2023.73,0,0,0
2019-12-23 12:50:00+01:00,2023.77,2023.77,2023.72,2023.72,0,0,0
2019-12-23 12:51:00+01:00,2023.85,2023.85,2023.82,2023.82,0,0,0
2019-12-23 12:52:00+01:00,2023.83,2023.83,2023.73,2023.77,0,0,0
2019-12-23 12:53:00+01:00,2023.76,2023.89,2023.68,2023.68,0,0,0
2019-12-23 12:54:00+01:00,2023.7,2023.7,2023.7,2023.7,0,0,0
2019-12-23 12:55:00+01:00,2023.72,2023.72,2023.67,2023.67,0,0,0
2019-12-23 12:56:00+01:00,2023.48,2023.53,2023.19,2023.19,0,0,0
2019-12-23 12:57:00+01:00,2023.36,2023.36,2023.2,2023.2,0,0,0
2019-12-23 12:58:00+01:00,2023.17,2023.29,2023.15,2023.29,0,0,0
2019-12-23 12:59:00+01:00,2023.24,2023.41,2023.24,2023.41,0,0,0
2019-12-23 13:00:00+01:00,2023.41,2023.42,2023.41,2023.42,0,0,0
2019-12-23 13:01:00+01:00,2023.36,2023.37,2023.24,2023.24,0,0,0
2019-12-23 13:02:00+01:00,2023.29,2023.29,2023.02,2023.02,0,0,0
2019-12-23 13:03:00+01:00,2023.34,2023.43,2023.34,2023.4,0,0,0
2019-12-23 13:04:00+01:00,2023.45,2023.51,2023.45,2023.51,0,0,0
2019-12-23 13:05:00+01:00,2023.45,2023.45,2023.21,2023.21,0,0,0
2019-12-23 13:06:00+01:00,2023.36,2023.39,2023.36,2023.39,0,0,0
2019-12-23 13:07:00+01:00,2023.48,2023.59,2023.48,2023.59,0,0,0
2019-12-23 13:08:00+01:00,2023.48,2023.5,2023.48,2023.5,0,0,0
2019-12-23 13:09:00+01:00,2023.41,2024.11,2023.41,2024.11,0,0,0
2019-12-23 13:10:00+01:00,2024.04,2024.04,2023.87,2023.87,0,0,0
2019-12-23 13:11:00+01:00,2023.76,2023.76,2023.7,2023.7,0,0,0
2019-12-23 13:12:00+01:00,2023.71,2023.71,2023.58,2023.58,0,0,0
2019-12-23 13:13:00+01:00,2023.79,2023.79,2023.72,2023.72,0,0,0
2019-12-23 13:14:00+01:00,2023.59,2023.59,2023.59,2023.59,0,0,0
2019-12-23 13:15:00+01:00,2023.53,2023.73,2023.53,2023.67,0,0,0
2019-12-23 13:16:00+01:00,2023.58,2023.63,2023.58,2023.63,0,0,0
2019-12-23 13:17:00+01:00,2023.58,2023.62,2023.58,2023.62,0,0,0
2019-12-23 13:18:00+01:00,2023.57,2023.57,2023.42,2023.42,0,0,0
2019-12-23 13:19:00+01:00,2023.23,2023.23,2023.21,2023.21,0,0,0
2019-12-23 13:20:00+01:00,2023.77,2023.77,2023.69,2023.69,0,0,0
2019-12-23 13:21:00+01:00,2023.57,2023.67,2023.57,2023.67,0,0,0
2019-12-23 13:22:00+01:00,2023.43,2023.5,2023.41,2023.41,0,0,0
2019-12-23 13:23:00+01:00,2023.37,2023.37,2023.37,2023.37,0,0,0
2019-12-23 13:24:00+01:00,2023.24,2023.24,2023.02,2023.02,0,0,0
2019-12-23 13:25:00+01:00,2022.74,2022.86,2022.74,2022.86,0,0,0
2019-12-23 13:26:00+01:00,2022.92,2022.95,2022.82,2022.82,0,0,0
2019-12-23 13:27:00+01:00,2023.05,2023.05,2023.01,2023.01,0,0,0
2019-12-23 13:28:00+01:00,2022.99,2022.99,2022.96,2022.96,0,0,0
2019-12-23 13:29:00+01:00,2022.79,2022.8,2022.79,2022.8,0,0,0
2019-12-23 13:30:00+01:00,2022.93,2022.96,2022.86,2022.86,0,0,0
2019-12-23 13:31:00+01:00,2022.96,2022.96,2022.93,2022.93,0,0,0
2019-12-23 13:32:00+01:00,2022.98,2023.1,2022.98,2023.1,0,0,0
2019-12-23 13:33:00+01:00,2023.09,2023.28,2023.09,2023.27,0,0,0
2019-12-23 13:34:00+01:00,2023.22,2023.26,2023.21,2023.21,0,0,0
2019-12-23 13:35:00+01:00,2023.34,2023.36,2023.34,2023.36,0,0,0
2019-12-23 13:36:00+01:00,2023.19,2023.3,2023.19,2023.3,0,0,0
2019-12-23 13:37:00+01:00,2023.11,2023.19,2023.11,2023.19,0,0,0
2019-12-23 13:38:00+01:00,2023.05,2023.05,2022.74,2022.74,0,0,0
2019-12-23 13:39:00+01:00,2022.69,2022.69,2022.6,2022.63,0,0,0
2019-12-23 13:40:00+01:00,2022.62,2022.62,2022.59,2022.59,0,0,0
2019-12-23 13:41:00+01:00,2022.5,2022.5,2022.22,2022.23,0,0,0
2019-12-23 13:42:00+01:00,2022.23,2022.23,2021.83,2021.83,0,0,0
2019-12-23 13:43:00+01:00,2021.91,2021.91,2021.86,2021.86,0,0,0
2019-12-23 13:44:00+01:00,2021.89,2021.89,2021.79,2021.89,0,0,0
2019-12-23 13:45:00+01:00,2021.68,2021.68,2021.41,2021.41,0,0,0
2019-12-23 13:46:00+01:00,2021.33,2021.33,2021.23,2021.31,0,0,0
2019-12-23 13:47:00+01:00,2021.33,2021.33,2021.06,2021.06,0,0,0
2019-12-23 13:48:00+01:00,2020.98,2021.05,2020.98,2021.05,0,0,0
2019-12-23 13:49:00+01:00,2021.06,2021.06,2021.03,2021.03,0,0,0
2019-12-23 13:50:00+01:00,2021.19,2021.19,2021.05,2021.05,0,0,0
2019-12-23 13:51:00+01:00,2021.18,2021.18,2021.13,2021.13,0,0,0
2019-12-23 13:52:00+01:00,2021.32,2021.32,2021.22,2021.22,0,0,0
2019-12-23 13:53:00+01:00,2021.24,2021.26,2021.24,2021.26,0,0,0
2019-12-23 13:54:00+01:00,2021.12,2021.12,2021.06,2021.06,0,0,0
2019-12-23 13:55:00+01:00,2021.35,2021.38,2021.35,2021.38,0,0,0
2019-12-23 13:56:00+01:00,2021.42,2021.43,2021.42,2021.43,0,0,0
2019-12-23 13:57:00+01:00,2021.44,2021.44,2021.37,2021.37,0,0,0
2019-12-23 13:58:00+01:00,2021.37,2021.38,2021.37,2021.38,0,0,0
2019-12-23 13:59:00+01:00,2021.43,2021.43,2021.4,2021.4,0,0,0
2019-12-23 14:00:00+01:00,2021.36,2021.42,2021.36,2021.42,0,0,0
2019-12-23 14:01:00+01:00,2021.57,2021.82,2021.57,2021.82,0,0,0
2019-12-23 14:02:00+01:00,2021.95,2022.1,2021.95,2022.1,0,0,0
2019-12-23 14:03:00+01:00,2022.25,2022.25,2022.01,2022.01,0,0,0
2019-12-23 14:04:00+01:00,2022.16,2022.28,2022.16,2022.28,0,0,0
2019-12-23 14:05:00+01:00,2022.42,2022.49,2022.42,2022.49,0,0,0
2019-12-23 14:06:00+01:00,2022.13,2022.13,2022.13,2022.13,0,0,0
2019-12-23 14:07:00+01:00,2022.32,2022.4,2022.32,2022.4,0,0,0
2019-12-23 14:08:00+01:00,2022.35,2022.53,2022.35,2022.53,0,0,0
2019-12-23 14:09:00+01:00,2022.56,2022.56,2022.55,2022.55,0,0,0
2019-12-23 14:10:00+01:00,2022.78,2022.78,2022.65,2022.65,0,0,0
2019-12-23 14:11:00+01:00,2022.87,2023.04,2022.87,2023.04,0,0,0
2019-12-23 14:12:00+01:00,2023.07,2023.16,2023.07,2023.16,0,0,0
2019-12-23 14:13:00+01:00,2022.98,2023.18,2022.98,2023.17,0,0,0
2019-12-23 14:14:00+01:00,2023.16,2023.16,2023.14,2023.14,0,0,0
2019-12-23 14:15:00+01:00,2023.19,2023.33,2023.19,2023.33,0,0,0
2019-12-23 14:16:00+01:00,2023.29,2023.29,2023.28,2023.28,0,0,0
2019-12-23 14:17:00+01:00,2023.27,2023.29,2023.27,2023.29,0,0,0
2019-12-23 14:18:00+01:00,2023.07,2023.38,2023.07,2023.38,0,0,0
2019-12-23 14:19:00+01:00,2023.06,2023.1,2023.06,2023.1,0,0,0
2019-12-23 14:20:00+01:00,2022.73,2022.86,2022.73,2022.86,0,0,0
2019-12-23 14:21:00+01:00,2022.77,2023.0,2022.77,2023.0,0,0,0
2019-12-23 14:22:00+01:00,2023.2,2023.2,2023.15,2023.15,0,0,0
2019-12-23 14:23:00+01:00,2023.06,2023.23,2023.06,2023.23,0,0,0
2019-12-23 14:24:00+01:00,2022.96,2022.96,2022.93,2022.93,0,0,0
2019-12-23 14:25:00+01:00,2023.08,2023.24,2023.08,2023.24,0,0,0
2019-12-23 14:26:00+01:00,2023.41,2023.66,2023.41,2023.66,0,0,0
2019-12-23 14:27:00+01:00,2023.49,2023.66,2023.49,2023.66,0,0,0
2019-12-23 14:28:00+01:00,2023.61,2023.61,2023.56,2023.56,0,0,0
2019-12-23 14:29:00+01:00,2023.45,2023.61,2023.45,2023.61,0,0,0
2019-12-23 14:30:00+01:00,2023.79,2023.79,2023.66,2023.66,0,0,0
2019-12-23 14:31:00+01:00,2023.42,2023.42,2023.02,2023.02,0,0,0
2019-12-23 14:32:00+01:00,2022.93,2023.08,2022.93,2023.08,0,0,0
2019-12-23 14:33:00+01:00,2022.98,2022.98,2022.98,2022.98,0,0,0
2019-12-23 14:34:00+01:00,2022.81,2022.83,2022.81,2022.83,0,0,0
2019-12-23 14:35:00+01:00,2022.88,2022.99,2022.88,2022.99,0,0,0
2019-12-23 14:36:00+01:00,2023.18,2023.26,2023.18,2023.26,0,0,0
2019-12-23 14:37:00+01:00,2023.11,2023.32,2023.11,2023.32,0,0,0
2019-12-23 14:38:00+01:00,2023.21,2023.37,2023.21,2023.37,0,0,0
2019-12-23 14:39:00+01:00,2023.39,2023.39,2023.26,2023.26,0,0,0
2019-12-23 14:40:00+01:00,2023.36,2023.56,2023.36,2023.56,0,0,0
2019-12-23 14:41:00+01:00,2023.55,2023.55,2023.49,2023.49,0,0,0
2019-12-23 14:42:00+01:00,2023.58,2023.58,2023.42,2023.42,0,0,0
2019-12-23 14:43:00+01:00,2023.35,2023.53,2023.35,2023.53,0,0,0
2019-12-23 14:44:00+01:00,2023.37,2023.5,2023.37,2023.5,0,0,0
2019-12-23 14:45:00+01:00,2023.49,2023.49,2023.19,2023.19,0,0,0
2019-12-23 14:46:00+01:00,2023.19,2023.19,2023.13,2023.13,0,0,0
2019-12-23 14:47:00+01:00,2023.05,2023.23,2023.05,2023.23,0,0,0
2019-12-23 14:48:00+01:00,2023.13,2023.13,2023.1,2023.1,0,0,0
2019-12-23 14:49:00+01:00,2023.11,2023.3,2023.11,2023.3,0,0,0
2019-12-23 14:50:00+01:00,2023.14,2023.14,2023.05,2023.05,0,0,0
2019-12-23 14:51:00+01:00,2022.85,2023.16,2022.85,2023.16,0,0,0
2019-12-23 14:52:00+01:00,2023.05,2023.11,2023.05,2023.11,0,0,0
2019-12-23 14:53:00+01:00,2023.17,2023.17,2023.02,2023.02,0,0,0
2019-12-23 14:54:00+01:00,2023.38,2023.38,2023.08,2023.08,0,0,0
2019-12-23 14:55:00+01:00,2023.38,2023.38,2023.25,2023.25,0,0,0
2019-12-23 14:56:00+01:00,2023.21,2023.21,2022.61,2022.61,0,0,0
2019-12-23 14:57:00+01:00,2022.5,2022.5,2022.5,2022.5,0,0,0
2019-12-23 14:58:00+01:00,2022.7,2022.77,2022.7,2022.77,0,0,0
2019-12-23 14:59:00+01:00,2022.61,2022.61,2022.59,2022.59,0,0,0
2019-12-23 15:00:00+01:00,2022.59,2022.59,2022.52,2022.52,0,0,0
2019-12-23 15:01:00+01:00,2022.64,2022.69,2022.64,2022.69,0,0,0
2019-12-23 15:02:00+01:00,2022.65,2022.72,2022.65,2022.72,0,0,0
2019-12-23 15:03:00+01:00,2022.84,2022.97,2022.84,2022.97,0,0,0
2019-12-23 15:04:00+01:00,2022.85,2023.01,2022.85,2023.01,0,0,0
2019-12-23 15:05:00+01:00,2023.01,2023.02,2023.01,2023.02,0,0,0
2019-12-23 15:06:00+01:00,2022.97,2022.97,2022.78,2022.78,0,0,0
2019-12-23 15:07:00+01:00,2022.69,2022.81,2022.69,2022.81,0,0,0
2019-12-23 15:08:00+01:00,2022.69,2022.69,2022.5,2022.5,0,0,0
2019-12-23 15:09:00+01:00,2022.69,2022.81,2022.69,2022.81,0,0,0
2019-12-23 15:10:00+01:00,2022.88,2022.88,2022.88,2022.88,0,0,0
2019-12-23 15:11:00+01:00,2022.85,2022.93,2022.85,2022.93,0,0,0
2019-12-23 15:12:00+01:00,2022.87,2023.03,2022.87,2023.03,0,0,0
2019-12-23 15:13:00+01:00,2023.12,2023.15,2023.12,2023.15,0,0,0
2019-12-23 15:14:00+01:00,2023.28,2023.28,2023.14,2023.14,0,0,0
2019-12-23 15:15:00+01:00,2023.1,2023.1,2022.91,2022.91,0,0,0
2019-12-23 15:16:00+01:00,2022.87,2022.87,2022.79,2022.79,0,0,0
2019-12-23 15:19:00+01:00,2023.43,2023.82,2023.43,2023.82,0,0,0
2019-12-23 15:20:00+01:00,2023.29,2023.29,2023.29,2023.29,0,0,0
2019-12-23 15:21:00+01:00,2023.52,2023.52,2023.52,2023.52,0,0,0
2019-12-23 15:22:00+01:00,2023.35,2023.38,2023.35,2023.38,0,0,0
2019-12-23 15:23:00+01:00,2023.51,2023.51,2023.48,2023.48,0,0,0
2019-12-23 15:24:00+01:00,2023.86,2023.86,2023.86,2023.86,0,0,0
2019-12-23 15:25:00+01:00,2024.03,2024.14,2024.03,2024.14,0,0,0
2019-12-23 15:26:00+01:00,2024.37,2024.37,2024.37,2024.37,0,0,0
2019-12-23 15:27:00+01:00,2024.46,2024.46,2024.34,2024.34,0,0,0
2019-12-23 15:28:00+01:00,2024.65,2024.65,2024.65,2024.65,0,0,0
2019-12-23 15:29:00+01:00,2024.73,2024.73,2024.73,2024.73,0,0,0
2019-12-23 15:30:00+01:00,2024.42,2024.42,2024.42,2024.42,0,0,0
2019-12-23 15:31:00+01:00,2024.44,2024.44,2024.37,2024.37,0,0,0
2019-12-23 15:32:00+01:00,2024.5,2024.5,2024.47,2024.47,0,0,0
2019-12-23 15:33:00+01:00,2024.63,2024.86,2024.63,2024.86,0,0,0
2019-12-23 15:34:00+01:00,2024.57,2024.59,2024.57,2024.59,0,0,0
2019-12-23 15:35:00+01:00,2024.83,2024.83,2024.83,2024.83,0,0,0
2019-12-23 15:36:00+01:00,2024.9,2024.94,2024.9,2024.94,0,0,0
2019-12-23 15:37:00+01:00,2024.79,2024.79,2024.67,2024.67,0,0,0
2019-12-23 15:38:00+01:00,2024.69,2024.73,2024.69,2024.73,0,0,0
2019-12-23 15:39:00+01:00,2024.74,2024.74,2024.68,2024.68,0,0,0
2019-12-23 15:40:00+01:00,2024.28,2024.28,2024.21,2024.21,0,0,0
2019-12-23 15:41:00+01:00,2024.27,2024.27,2024.27,2024.27,0,0,0
2019-12-23 15:42:00+01:00,2024.21,2024.32,2024.21,2024.32,0,0,0
2019-12-23 15:43:00+01:00,2024.3,2024.3,2024.29,2024.29,0,0,0
2019-12-23 15:44:00+01:00,2024.15,2024.15,2023.79,2023.79,0,0,0
2019-12-23 15:45:00+01:00,2023.49,2023.49,2023.49,2023.49,0,0,0
2019-12-23 15:46:00+01:00,2023.61,2024.01,2023.61,2024.01,0,0,0
2019-12-23 15:47:00+01:00,2023.81,2023.81,2023.64,2023.64,0,0,0
2019-12-23 15:48:00+01:00,2023.6,2023.62,2023.6,2023.62,0,0,0
2019-12-23 15:49:00+01:00,2023.51,2023.58,2023.51,2023.58,0,0,0
2019-12-23 15:50:00+01:00,2023.67,2023.67,2023.67,2023.67,0,0,0
2019-12-23 15:51:00+01:00,2023.53,2023.53,2023.38,2023.38,0,0,0
2019-12-23 15:52:00+01:00,2023.44,2023.44,2023.44,2023.44,0,0,0
2019-12-23 15:53:00+01:00,2023.55,2023.69,2023.55,2023.69,0,0,0
2019-12-23 15:54:00+01:00,2023.54,2023.54,2023.54,2023.54,0,0,0
2019-12-23 15:55:00+01:00,2023.5,2023.6,2023.5,2023.6,0,0,0
2019-12-23 15:56:00+01:00,2023.65,2023.65,2023.57,2023.57,0,0,0
2019-12-23 15:57:00+01:00,2023.63,2023.89,2023.63,2023.89,0,0,0
2019-12-23 15:58:00+01:00,2023.65,2023.65,2023.65,2023.65,0,0,0
2019-12-23 15:59:00+01:00,2023.81,2023.81,2023.44,2023.44,0,0,0
2019-12-23 16:00:00+01:00,2023.57,2023.57,2023.57,2023.57,0,0,0
2019-12-23 16:01:00+01:00,2023.97,2024.03,2023.97,2024.03,0,0,0
2019-12-23 16:02:00+01:00,2024.14,2024.14,2024.11,2024.11,0,0,0
2019-12-23 16:03:00+01:00,2024.23,2024.23,2024.1,2024.1,0,0,0
2019-12-23 16:04:00+01:00,2024.06,2024.06,2023.88,2023.88,0,0,0
2019-12-23 16:05:00+01:00,2023.96,2023.96,2023.81,2023.81,0,0,0
2019-12-23 16:06:00+01:00,2023.73,2023.77,2023.73,2023.77,0,0,0
2019-12-23 16:07:00+01:00,2023.65,2023.67,2023.65,2023.67,0,0,0
2019-12-23 16:08:00+01:00,2023.85,2023.85,2023.84,2023.84,0,0,0
2019-12-23 16:09:00+01:00,2023.86,2023.88,2023.86,2023.88,0,0,0
2019-12-23 16:10:00+01:00,2024.26,2024.47,2024.26,2024.47,0,0,0
2019-12-23 16:11:00+01:00,2024.75,2024.75,2024.6,2024.6,0,0,0
2019-12-23 16:12:00+01:00,2024.63,2024.63,2024.51,2024.51,0,0,0
2019-12-23 16:13:00+01:00,2024.61,2024.73,2024.61,2024.73,0,0,0
2019-12-23 16:14:00+01:00,2024.88,2024.88,2024.88,2024.88,0,0,0
2019-12-23 16:15:00+01:00,2024.94,2024.94,2024.79,2024.79,0,0,0
2019-12-23 16:16:00+01:00,2024.86,2024.86,2024.72,2024.72,0,0,0
2019-12-23 16:17:00+01:00,2024.86,2024.91,2024.86,2024.91,0,0,0
2019-12-23 16:18:00+01:00,2025.09,2025.13,2025.09,2025.13,0,0,0
2019-12-23 16:19:00+01:00,2025.1,2025.1,2024.99,2024.99,0,0,0
2019-12-23 16:20:00+01:00,2025.24,2025.24,2025.21,2025.21,0,0,0
2019-12-23 16:21:00+01:00,2025.18,2025.25,2025.18,2025.25,0,0,0
2019-12-23 16:22:00+01:00,2025.33,2025.34,2025.33,2025.34,0,0,0
2019-12-23 16:23:00+01:00,2025.52,2025.52,2025.52,2025.52,0,0,0
2019-12-23 16:24:00+01:00,2025.1,2025.1,2025.0,2025.0,0,0,0
2019-12-23 16:25:00+01:00,2024.99,2025.35,2024.99,2025.35,0,0,0
2019-12-23 16:26:00+01:00,2025.31,2025.31,2025.24,2025.24,0,0,0
2019-12-23 16:27:00+01:00,2025.07,2025.19,2025.07,2025.19,0,0,0
2019-12-23 16:28:00+01:00,2025.01,2025.05,2025.01,2025.05,0,0,0
2019-12-23 16:29:00+01:00,2024.84,2024.84,2024.37,2024.37,0,0,0
2019-12-23 16:30:00+01:00,2024.35,2024.36,2024.35,2024.36,0,0,0
2019-12-23 16:31:00+01:00,2024.4,2024.4,2024.35,2024.35,0,0,0
2019-12-23 16:32:00+01:00,2024.22,2024.22,2023.87,2023.87,0,0,0
2019-12-23 16:33:00+01:00,2023.98,2023.98,2023.94,2023.94,0,0,0
2019-12-23 16:34:00+01:00,2024.15,2024.15,2024.11,2024.11,0,0,0
2019-12-23 16:35:00+01:00,2024.07,2024.07,2024.02,2024.02,0,0,0
2019-12-23 16:36:00+01:00,2023.96,2024.04,2023.96,2024.04,0,0,0
2019-12-23 16:37:00+01:00,2024.26,2024.26,2024.12,2024.12,0,0,0
2019-12-23 16:38:00+01:00,2024.52,2024.53,2024.52,2024.53,0,0,0
2019-12-23 16:39:00+01:00,2024.62,2024.87,2024.62,2024.87,0,0,0
2019-12-23 16:40:00+01:00,2024.87,2024.93,2024.87,2024.93,0,0,0
2019-12-23 16:41:00+01:00,2024.83,2024.88,2024.83,2024.88,0,0,0
2019-12-23 16:42:00+01:00,2025.07,2025.26,2025.07,2025.26,0,0,0
2019-12-23 16:43:00+01:00,2025.24,2025.24,2025.04,2025.04,0,0,0
2019-12-23 16:44:00+01:00,2024.82,2024.82,2024.73,2024.73,0,0,0
2019-12-23 16:45:00+01:00,2024.71,2024.71,2024.56,2024.56,0,0,0
2019-12-23 16:46:00+01:00,2024.5,2024.78,2024.5,2024.78,0,0,0
2019-12-23 16:47:00+01:00,2024.87,2024.95,2024.87,2024.95,0,0,0
2019-12-23 16:48:00+01:00,2025.04,2025.04,2025.03,2025.03,0,0,0
2019-12-23 16:49:00+01:00,2025.17,2025.17,2025.17,2025.17,0,0,0
2019-12-23 16:50:00+01:00,2025.41,2025.48,2025.41,2025.48,0,0,0
2019-12-23 16:51:00+01:00,2025.53,2025.53,2025.52,2025.52,0,0,0
2019-12-23 16:53:00+01:00,2025.56,2025.56,2025.56,2025.56,0,0,0
2019-12-23 16:54:00+01:00,2025.71,2025.71,2025.71,2025.71,0,0,0
2019-12-23 16:55:00+01:00,2025.73,2025.73,2025.46,2025.46,0,0,0
2019-12-23 16:56:00+01:00,2025.56,2025.58,2025.56,2025.58,0,0,0
2019-12-23 16:57:00+01:00,2025.64,2025.64,2025.64,2025.64,0,0,0
2019-12-23 16:58:00+01:00,2025.33,2025.33,2025.25,2025.25,0,0,0
2019-12-23 16:59:00+01:00,2025.34,2025.39,2025.34,2025.39,0,0,0
2019-12-23 17:00:00+01:00,2025.39,2025.39,2025.35,2025.35,0,0,0
2019-12-23 17:01:00+01:00,2025.24,2025.27,2025.24,2025.27,0,0,0
2019-12-23 17:02:00+01:00,2025.43,2025.43,2025.37,2025.37,0,0,0
2019-12-23 17:03:00+01:00,2025.59,2025.6,2025.59,2025.6,0,0,0
2019-12-23 17:04:00+01:00,2025.48,2025.48,2025.29,2025.29,0,0,0
2019-12-23 17:05:00+01:00,2025.42,2025.45,2025.42,2025.45,0,0,0
2019-12-23 17:06:00+01:00,2025.45,2025.81,2025.45,2025.81,0,0,0
2019-12-23 17:07:00+01:00,2025.68,2025.71,2025.68,2025.71,0,0,0
2019-12-23 17:08:00+01:00,2025.82,2025.91,2025.82,2025.91,0,0,0
2019-12-23 17:09:00+01:00,2025.73,2025.79,2025.73,2025.79,0,0,0
2019-12-23 17:10:00+01:00,2025.62,2025.63,2025.62,2025.63,0,0,0
2019-12-23 17:11:00+01:00,2025.57,2025.57,2025.48,2025.48,0,0,0
2019-12-23 17:12:00+01:00,2025.45,2025.55,2025.45,2025.55,0,0,0
2019-12-23 17:13:00+01:00,2025.57,2025.57,2025.49,2025.49,0,0,0
2019-12-23 17:14:00+01:00,2025.52,2025.52,2025.52,2025.52,0,0,0
2019-12-23 17:15:00+01:00,2025.21,2025.21,2025.21,2025.21,0,0,0
2019-12-23 17:16:00+01:00,2025.54,2025.54,2025.54,2025.54,0,0,0
2019-12-23 17:18:00+01:00,2025.61,2025.61,2025.49,2025.49,0,0,0
2019-12-23 17:21:00+01:00,2025.8,2025.8,2025.8,2025.8,0,0,0
2019-12-23 17:22:00+01:00,2025.92,2025.92,2025.92,2025.92,0,0,0
2019-12-23 17:23:00+01:00,2025.76,2025.76,2025.76,2025.76,0,0,0
2019-12-23 17:26:00+01:00,2025.49,2025.51,2025.44,2025.44,0,0,0
2019-12-23 17:27:00+01:00,2025.26,2025.26,2025.19,2025.19,0,0,0
2019-12-23 17:28:00+01:00,2025.26,2025.44,2025.26,2025.44,0,0,0
2019-12-23 17:29:00+01:00,2025.57,2025.74,2025.57,2025.74,0,0,0
