Datetime,Open,High,Low,Close,Volume,Dividends,Stock Splits
2019-12-18 17:00:00+01:00,104.2,104.2,104.2,104.2,0,0,0
2019-12-19 09:30:00+01:00,104.2,104.2,104.2,104.2,0,0,0
2019-12-19 09:33:00+01:00,104.15,104.15,104.15,104.15,0,0,0
2019-12-19 09:36:00+01:00,104.15,104.15,104.15,104.15,0,0,0
2019-12-19 09:39:00+01:00,104.15,104.15,104.15,104.15,0,0,0
2019-12-19 09:42:00+01:00,104.15,104.15,104.15,104.15,0,0,0
2019-12-19 09:45:00+01:00,104.15,104.15,104.15,104.15,0,0,0
2019-12-19 09:48:00+01:00,104.15,104.15,104.15,104.15,0,0,0
2019-12-19 09:51:00+01:00,104.15,104.15,104.15,104.15,0,0,0
2019-12-19 09:54:00+01:00,104.13,104.13,104.13,104.13,0,0,0
2019-12-19 09:57:00+01:00,104.12,104.12,104.12,104.12,0,0,0
2019-12-19 10:00:00+01:00,104.12,104.12,104.12,104.12,0,0,0
2019-12-19 10:03:00+01:00,104.12,104.12,104.12,104.12,0,0,0
2019-12-19 10:06:00+01:00,104.12,104.12,104.12,104.12,0,0,0
2019-12-19 10:09:00+01:00,104.12,104.12,104.12,104.12,0,0,0
2019-12-19 10:12:00+01:00,104.12,104.12,104.12,104.12,0,0,0
2019-12-19 10:15:00+01:00,104.12,104.12,104.12,104.12,0,0,0
2019-12-19 10:18:00+01:00,104.12,104.12,104.12,104.12,0,0,0
2019-12-19 10:21:00+01:00,104.12,104.12,104.12,104.12,0,0,0
2019-12-19 10:24:00+01:00,104.12,104.12,104.12,104.12,0,0,0
2019-12-19 10:27:00+01:00,104.11,104.11,104.11,104.11,0,0,0
2019-12-19 10:30:00+01:00,104.11,104.11,104.11,104.11,0,0,0
2019-12-19 10:33:00+01:00,104.11,104.11,104.11,104.11,0,0,0
2019-12-19 10:36:00+01:00,104.11,104.11,104.11,104.11,0,0,0
2019-12-19 10:39:00+01:00,104.1,104.1,104.1,104.1,0,0,0
2019-12-19 10:42:00+01:00,104.1,104.1,104.1,104.1,0,0,0
2019-12-19 10:45:00+01:00,104.11,104.11,104.11,104.11,0,0,0
2019-12-19 10:48:00+01:00,104.1,104.1,104.1,104.1,0,0,0
2019-12-19 10:51:00+01:00,104.1,104.1,104.1,104.1,0,0,0
2019-12-19 10:54:00+01:00,104.1,104.1,104.1,104.1,0,0,0
2019-12-19 10:57:00+01:00,104.1,104.1,104.1,104.1,0,0,0
2019-12-19 11:00:00+01:00,104.1,104.1,104.1,104.1,0,0,0
2019-12-19 11:03:00+01:00,104.1,104.1,104.1,104.1,0,0,0
2019-12-19 11:06:00+01:00,104.1,104.1,104.1,104.1,0,0,0
2019-12-19 11:09:00+01:00,104.1,104.1,104.1,104.1,0,0,0
2019-12-19 11:12:00+01:00,104.1,104.1,104.1,104.1,0,0,0
2019-12-19 11:15:00+01:00,104.1,104.1,104.1,104.1,0,0,0
2019-12-19 11:18:00+01:00,104.1,104.1,104.1,104.1,0,0,0
2019-12-19 11:21:00+01:00,104.1,104.1,104.1,104.1,0,0,0
2019-12-19 11:24:00+01:00,104.1,104.1,104.1,104.1,0,0,0
2019-12-19 11:27:00+01:00,104.1,104.1,104.1,104.1,0,0,0
2019-12-19 11:30:00+01:00,104.1,104.1,104.1,104.1,0,0,0
2019-12-19 11:33:00+01:00,104.1,104.1,104.1,104.1,0,0,0
2019-12-19 11:36:00+01:00,104.1,104.1,104.1,104.1,0,0,0
2019-12-19 11:39:00+01:00,104.1,104.1,104.1,104.1,0,0,0
2019-12-19 11:42:00+01:00,104.1,104.1,104.1,104.1,0,0,0
2019-12-19 11:45:00+01:00,104.1,104.1,104.1,104.1,0,0,0
2019-12-19 11:48:00+01:00,104.1,104.1,104.1,104.1,0,0,0
2019-12-19 11:51:00+01:00,104.1,104.1,104.1,104.1,0,0,0
2019-12-19 11:54:00+01:00,104.1,104.1,104.1,104.1,0,0,0
2019-12-19 11:57:00+01:00,104.1,104.1,104.1,104.1,0,0,0
2019-12-19 12:00:00+01:00,104.1,104.1,104.1,104.1,0,0,0
2019-12-19 12:03:00+01:00,104.1,104.1,104.1,104.1,0,0,0
2019-12-19 12:06:00+01:00,104.09,104.09,104.09,104.09,0,0,0
2019-12-19 12:09:00+01:00,104.09,104.09,104.09,104.09,0,0,0
2019-12-19 12:12:00+01:00,104.09,104.09,104.09,104.09,0,0,0
2019-12-19 12:15:00+01:00,104.09,104.09,104.09,104.09,0,0,0
2019-12-19 12:18:00+01:00,104.09,104.09,104.09,104.09,0,0,0
2019-12-19 12:21:00+01:00,104.09,104.09,104.09,104.09,0,0,0
2019-12-19 12:24:00+01:00,104.09,104.09,104.09,104.09,0,0,0
2019-12-19 12:27:00+01:00,104.09,104.09,104.09,104.09,0,0,0
2019-12-19 12:30:00+01:00,104.09,104.09,104.09,104.09,0,0,0
2019-12-19 12:33:00+01:00,104.09,104.09,104.09,104.09,0,0,0
2019-12-19 12:36:00+01:00,104.09,104.09,104.09,104.09,0,0,0
2019-12-19 12:39:00+01:00,104.09,104.09,104.09,104.09,0,0,0
2019-12-19 12:42:00+01:00,104.09,104.09,104.09,104.09,0,0,0
2019-12-19 12:45:00+01:00,104.09,104.09,104.09,104.09,0,0,0
2019-12-19 12:48:00+01:00,104.09,104.09,104.09,104.09,0,0,0
2019-12-19 12:51:00+01:00,104.09,104.09,104.09,104.09,0,0,0
2019-12-19 12:54:00+01:00,104.09,104.09,104.09,104.09,0,0,0
2019-12-19 12:57:00+01:00,104.09,104.09,104.09,104.09,0,0,0
2019-12-19 13:00:00+01:00,104.09,104.09,104.09,104.09,0,0,0
2019-12-19 13:03:00+01:00,104.09,104.09,104.09,104.09,0,0,0
2019-12-19 13:06:00+01:00,104.08,104.08,104.08,104.08,0,0,0
2019-12-19 13:09:00+01:00,104.08,104.08,104.08,104.08,0,0,0
2019-12-19 13:12:00+01:00,104.08,104.08,104.08,104.08,0,0,0
2019-12-19 13:15:00+01:00,104.08,104.08,104.08,104.08,0,0,0
2019-12-19 13:18:00+01:00,104.08,104.08,104.08,104.08,0,0,0
2019-12-19 13:21:00+01:00,104.07,104.07,104.07,104.07,0,0,0
2019-12-19 13:24:00+01:00,104.07,104.07,104.07,104.07,0,0,0
2019-12-19 13:27:00+01:00,104.07,104.07,104.07,104.07,0,0,0
2019-12-19 13:30:00+01:00,104.07,104.07,104.07,104.07,0,0,0
2019-12-19 13:33:00+01:00,104.07,104.07,104.07,104.07,0,0,0
2019-12-19 13:36:00+01:00,104.07,104.07,104.07,104.07,0,0,0
2019-12-19 13:39:00+01:00,104.07,104.07,104.07,104.07,0,0,0
2019-12-19 13:42:00+01:00,104.07,104.07,104.07,104.07,0,0,0
2019-12-19 13:45:00+01:00,104.07,104.07,104.07,104.07,0,0,0
2019-12-19 13:48:00+01:00,104.07,104.07,104.07,104.07,0,0,0
2019-12-19 13:51:00+01:00,104.07,104.07,104.07,104.07,0,0,0
2019-12-19 13:54:00+01:00,104.07,104.07,104.07,104.07,0,0,0
2019-12-19 13:57:00+01:00,104.07,104.07,104.07,104.07,0,0,0
2019-12-19 14:00:00+01:00,104.07,104.07,104.07,104.07,0,0,0
2019-12-19 14:03:00+01:00,104.07,104.07,104.07,104.07,0,0,0
2019-12-19 14:06:00+01:00,104.07,104.07,104.07,104.07,0,0,0
2019-12-19 14:09:00+01:00,104.07,104.07,104.07,104.07,0,0,0
2019-12-19 14:12:00+01:00,104.07,104.07,104.07,104.07,0,0,0
2019-12-19 14:15:00+01:00,104.07,104.07,104.07,104.07,0,0,0
2019-12-19 14:18:00+01:00,104.07,104.07,104.07,104.07,0,0,0
2019-12-19 14:21:00+01:00,104.07,104.07,104.07,104.07,0,0,0
2019-12-19 14:24:00+01:00,104.06,104.06,104.06,104.06,0,0,0
2019-12-19 14:27:00+01:00,104.04,104.04,104.04,104.04,0,0,0
2019-12-19 14:30:00+01:00,104.04,104.04,104.04,104.04,0,0,0
2019-12-19 14:33:00+01:00,104.04,104.04,104.04,104.04,0,0,0
2019-12-19 14:36:00+01:00,104.03,104.03,104.03,104.03,0,0,0
2019-12-19 14:39:00+01:00,104.05,104.05,104.05,104.05,0,0,0
2019-12-19 14:42:00+01:00,104.05,104.05,104.05,104.05,0,0,0
2019-12-19 14:45:00+01:00,104.05,104.05,104.05,104.05,0,0,0
2019-12-19 14:48:00+01:00,104.05,104.05,104.05,104.05,0,0,0
2019-12-19 14:51:00+01:00,104.05,104.05,104.05,104.05,0,0,0
2019-12-19 14:57:00+01:00,104.05,104.05,104.05,104.05,0,0,0
2019-12-19 15:00:00+01:00,104.05,104.05,104.05,104.05,0,0,0
2019-12-19 15:03:00+01:00,104.05,104.05,104.05,104.05,0,0,0
2019-12-19 15:06:00+01:00,104.05,104.05,104.05,104.05,0,0,0
2019-12-19 15:09:00+01:00,104.05,104.05,104.05,104.05,0,0,0
2019-12-19 15:12:00+01:00,104.05,104.05,104.05,104.05,0,0,0
2019-12-19 15:15:00+01:00,104.05,104.05,104.05,104.05,0,0,0
2019-12-19 15:18:00+01:00,104.05,104.05,104.05,104.05,0,0,0
2019-12-19 15:21:00+01:00,104.05,104.05,104.05,104.05,0,0,0
2019-12-19 15:24:00+01:00,104.05,104.05,104.05,104.05,0,0,0
2019-12-19 15:27:00+01:00,104.05,104.05,104.05,104.05,0,0,0
2019-12-19 15:30:00+01:00,104.05,104.05,104.05,104.05,0,0,0
2019-12-19 15:33:00+01:00,104.05,104.05,104.05,104.05,0,0,0
2019-12-19 15:36:00+01:00,104.05,104.05,104.05,104.05,0,0,0
2019-12-19 15:39:00+01:00,104.05,104.05,104.05,104.05,0,0,0
2019-12-19 15:42:00+01:00,104.05,104.05,104.05,104.05,0,0,0
2019-12-19 15:45:00+01:00,104.05,104.05,104.05,104.05,0,0,0
2019-12-19 15:48:00+01:00,104.05,104.05,104.05,104.05,0,0,0
2019-12-19 15:54:00+01:00,104.05,104.05,104.05,104.05,0,0,0
2019-12-19 15:57:00+01:00,104.05,104.05,104.05,104.05,0,0,0
2019-12-19 16:00:00+01:00,104.04,104.04,104.04,104.04,0,0,0
2019-12-19 16:03:00+01:00,104.04,104.04,104.04,104.04,0,0,0
2019-12-19 16:06:00+01:00,104.04,104.04,104.04,104.04,0,0,0
2019-12-19 16:09:00+01:00,104.04,104.04,104.04,104.04,0,0,0
2019-12-19 16:12:00+01:00,104.04,104.04,104.04,104.04,0,0,0
2019-12-19 16:15:00+01:00,104.04,104.04,104.04,104.04,0,0,0
2019-12-19 16:18:00+01:00,104.04,104.04,104.04,104.04,0,0,0
2019-12-19 16:21:00+01:00,104.04,104.04,104.04,104.04,0,0,0
2019-12-19 16:24:00+01:00,104.04,104.04,104.04,104.04,0,0,0
2019-12-19 16:27:00+01:00,104.04,104.04,104.04,104.04,0,0,0
2019-12-19 16:30:00+01:00,104.04,104.04,104.04,104.04,0,0,0
2019-12-19 16:33:00+01:00,104.04,104.04,104.04,104.04,0,0,0
2019-12-19 16:36:00+01:00,104.04,104.04,104.04,104.04,0,0,0
2019-12-19 16:39:00+01:00,104.04,104.04,104.04,104.04,0,0,0
2019-12-19 16:42:00+01:00,104.04,104.04,104.04,104.04,0,0,0
2019-12-19 16:45:00+01:00,104.04,104.04,104.04,104.04,0,0,0
2019-12-19 16:48:00+01:00,104.05,104.05,104.05,104.05,0,0,0
2019-12-19 16:51:00+01:00,104.05,104.05,104.05,104.05,0,0,0
2019-12-19 16:54:00+01:00,104.05,104.05,104.05,104.05,0,0,0
2019-12-19 16:57:00+01:00,104.04,104.04,104.04,104.04,0,0,0
2019-12-19 17:00:00+01:00,104.04,104.04,104.04,104.04,0,0,0
2019-12-20 09:30:00+01:00,104.04,104.04,104.04,104.04,0,0,0
2019-12-20 09:33:00+01:00,104.05,104.05,104.05,104.05,0,0,0
2019-12-20 09:36:00+01:00,104.05,104.05,104.05,104.05,0,0,0
2019-12-20 09:39:00+01:00,104.05,104.05,104.05,104.05,0,0,0
2019-12-20 09:42:00+01:00,104.04,104.04,104.04,104.04,0,0,0
2019-12-20 09:45:00+01:00,104.04,104.04,104.04,104.04,0,0,0
2019-12-20 09:48:00+01:00,104.03,104.03,104.03,104.03,0,0,0
2019-12-20 09:51:00+01:00,104.03,104.03,104.03,104.03,0,0,0
2019-12-20 09:54:00+01:00,104.04,104.04,104.04,104.04,0,0,0
2019-12-20 09:57:00+01:00,104.04,104.04,104.04,104.04,0,0,0
2019-12-20 10:00:00+01:00,104.04,104.04,104.04,104.04,0,0,0
2019-12-20 10:03:00+01:00,104.04,104.04,104.04,104.04,0,0,0
2019-12-20 10:06:00+01:00,104.03,104.03,104.03,104.03,0,0,0
2019-12-20 10:09:00+01:00,104.03,104.03,104.03,104.03,0,0,0
2019-12-20 10:12:00+01:00,104.03,104.03,104.03,104.03,0,0,0
2019-12-20 10:15:00+01:00,104.03,104.03,104.03,104.03,0,0,0
2019-12-20 10:18:00+01:00,104.03,104.03,104.03,104.03,0,0,0
2019-12-20 10:21:00+01:00,104.03,104.03,104.03,104.03,0,0,0
2019-12-20 10:24:00+01:00,104.03,104.03,104.03,104.03,0,0,0
2019-12-20 10:27:00+01:00,104.03,104.03,104.03,104.03,0,0,0
2019-12-20 10:30:00+01:00,104.03,104.03,104.03,104.03,0,0,0
2019-12-20 10:33:00+01:00,104.03,104.03,104.03,104.03,0,0,0
2019-12-20 10:36:00+01:00,104.03,104.03,104.03,104.03,0,0,0
2019-12-20 10:39:00+01:00,104.03,104.03,104.03,104.03,0,0,0
2019-12-20 10:42:00+01:00,104.03,104.03,104.03,104.03,0,0,0
2019-12-20 10:45:00+01:00,104.03,104.03,104.03,104.03,0,0,0
2019-12-20 10:48:00+01:00,104.03,104.03,104.03,104.03,0,0,0
2019-12-20 10:51:00+01:00,104.03,104.03,104.03,104.03,0,0,0
2019-12-20 10:54:00+01:00,104.04,104.04,104.04,104.04,0,0,0
2019-12-20 10:57:00+01:00,104.04,104.04,104.04,104.04,0,0,0
2019-12-20 11:00:00+01:00,104.03,104.03,104.03,104.03,0,0,0
2019-12-20 11:03:00+01:00,104.03,104.03,104.03,104.03,0,0,0
2019-12-20 11:06:00+01:00,104.03,104.03,104.03,104.03,0,0,0
2019-12-20 11:09:00+01:00,104.03,104.03,104.03,104.03,0,0,0
2019-12-20 11:12:00+01:00,104.03,104.03,104.03,104.03,0,0,0
2019-12-20 11:18:00+01:00,104.03,104.03,104.03,104.03,0,0,0
2019-12-20 11:21:00+01:00,104.03,104.03,104.03,104.03,0,0,0
2019-12-20 11:24:00+01:00,104.03,104.03,104.03,104.03,0,0,0
2019-12-20 11:27:00+01:00,103.97,103.97,103.97,103.97,0,0,0
2019-12-20 11:30:00+01:00,103.97,103.97,103.97,103.97,0,0,0
2019-12-20 11:33:00+01:00,103.97,103.97,103.97,103.97,0,0,0
2019-12-20 11:36:00+01:00,103.97,103.97,103.97,103.97,0,0,0
2019-12-20 11:39:00+01:00,103.97,103.97,103.97,103.97,0,0,0
2019-12-20 11:42:00+01:00,103.97,103.97,103.97,103.97,0,0,0
2019-12-20 11:45:00+01:00,103.97,103.97,103.97,103.97,0,0,0
2019-12-20 11:48:00+01:00,103.97,103.97,103.97,103.97,0,0,0
2019-12-20 11:51:00+01:00,103.97,103.97,103.97,103.97,0,0,0
2019-12-20 11:54:00+01:00,103.97,103.97,103.97,103.97,0,0,0
2019-12-20 11:57:00+01:00,103.97,103.97,103.97,103.97,0,0,0
2019-12-20 12:00:00+01:00,104.03,104.03,104.03,104.03,0,0,0
2019-12-20 12:03:00+01:00,104.03,104.03,104.03,104.03,0,0,0
2019-12-20 12:06:00+01:00,104.03,104.03,104.03,104.03,0,0,0
2019-12-20 12:09:00+01:00,104.03,104.03,104.03,104.03,0,0,0
2019-12-20 12:12:00+01:00,104.03,104.03,104.03,104.03,0,0,0
2019-12-20 12:15:00+01:00,104.03,104.03,104.03,104.03,0,0,0
2019-12-20 12:18:00+01:00,104.03,104.03,104.03,104.03,0,0,0
2019-12-20 12:21:00+01:00,104.03,104.03,104.03,104.03,0,0,0
2019-12-20 12:24:00+01:00,104.03,104.03,104.03,104.03,0,0,0
2019-12-20 12:27:00+01:00,104.03,104.03,104.03,104.03,0,0,0
2019-12-20 12:30:00+01:00,104.03,104.03,104.03,104.03,0,0,0
2019-12-20 12:33:00+01:00,104.03,104.03,104.03,104.03,0,0,0
2019-12-20 12:36:00+01:00,104.03,104.03,104.03,104.03,0,0,0
2019-12-20 12:39:00+01:00,104.03,104.03,104.03,104.03,0,0,0
2019-12-20 12:42:00+01:00,104.03,104.03,104.03,104.03,0,0,0
2019-12-20 12:45:00+01:00,104.03,104.03,104.03,104.03,0,0,0
2019-12-20 12:48:00+01:00,104.03,104.03,104.03,104.03,0,0,0
2019-12-20 12:51:00+01:00,104.03,104.03,104.03,104.03,0,0,0
2019-12-20 12:54:00+01:00,104.03,104.03,104.03,104.03,0,0,0
2019-12-20 12:57:00+01:00,104.03,104.03,104.03,104.03,0,0,0
2019-12-20 13:00:00+01:00,104.03,104.03,104.03,104.03,0,0,0
2019-12-20 13:03:00+01:00,104.03,104.03,104.03,104.03,0,0,0
2019-12-20 13:06:00+01:00,104.03,104.03,104.03,104.03,0,0,0
2019-12-20 13:09:00+01:00,104.03,104.03,104.03,104.03,0,0,0
2019-12-20 13:12:00+01:00,104.03,104.03,104.03,104.03,0,0,0
2019-12-20 13:15:00+01:00,104.03,104.03,104.03,104.03,0,0,0
2019-12-20 13:18:00+01:00,104.03,104.03,104.03,104.03,0,0,0
2019-12-20 13:21:00+01:00,104.03,104.03,104.03,104.03,0,0,0
2019-12-20 13:24:00+01:00,104.02,104.02,104.02,104.02,0,0,0
2019-12-20 13:27:00+01:00,104.02,104.02,104.02,104.02,0,0,0
2019-12-20 13:30:00+01:00,104.02,104.02,104.02,104.02,0,0,0
2019-12-20 13:33:00+01:00,104.02,104.02,104.02,104.02,0,0,0
2019-12-20 13:36:00+01:00,104.01,104.01,104.01,104.01,0,0,0
2019-12-20 13:39:00+01:00,104.01,104.01,104.01,104.01,0,0,0
2019-12-20 13:42:00+01:00,104.01,104.01,104.01,104.01,0,0,0
2019-12-20 13:45:00+01:00,104.0,104.0,104.0,104.0,0,0,0
2019-12-20 13:48:00+01:00,104.0,104.0,104.0,104.0,0,0,0
2019-12-20 13:51:00+01:00,104.0,104.0,104.0,104.0,0,0,0
2019-12-20 13:54:00+01:00,104.0,104.0,104.0,104.0,0,0,0
2019-12-20 13:57:00+01:00,104.0,104.0,104.0,104.0,0,0,0
2019-12-20 14:00:00+01:00,104.0,104.0,104.0,104.0,0,0,0
2019-12-20 14:03:00+01:00,104.0,104.0,104.0,104.0,0,0,0
2019-12-20 14:06:00+01:00,104.0,104.0,104.0,104.0,0,0,0
2019-12-20 14:09:00+01:00,104.0,104.0,104.0,104.0,0,0,0
2019-12-20 14:12:00+01:00,104.0,104.0,104.0,104.0,0,0,0
2019-12-20 14:15:00+01:00,104.01,104.01,104.01,104.01,0,0,0
2019-12-20 14:18:00+01:00,104.0,104.0,104.0,104.0,0,0,0
2019-12-20 14:21:00+01:00,104.0,104.0,104.0,104.0,0,0,0
2019-12-20 14:24:00+01:00,104.0,104.0,104.0,104.0,0,0,0
2019-12-20 14:27:00+01:00,104.0,104.0,104.0,104.0,0,0,0
2019-12-20 14:30:00+01:00,104.0,104.0,104.0,104.0,0,0,0
2019-12-20 14:33:00+01:00,104.0,104.0,104.0,104.0,0,0,0
2019-12-20 14:36:00+01:00,104.0,104.0,104.0,104.0,0,0,0
2019-12-20 14:39:00+01:00,104.01,104.01,104.01,104.01,0,0,0
2019-12-20 14:42:00+01:00,104.01,104.01,104.01,104.01,0,0,0
2019-12-20 14:45:00+01:00,104.01,104.01,104.01,104.01,0,0,0
2019-12-20 14:48:00+01:00,104.01,104.01,104.01,104.01,0,0,0
2019-12-20 14:51:00+01:00,104.01,104.01,104.01,104.01,0,0,0
2019-12-20 14:54:00+01:00,104.01,104.01,104.01,104.01,0,0,0
2019-12-20 14:57:00+01:00,104.01,104.01,104.01,104.01,0,0,0
2019-12-20 15:00:00+01:00,104.01,104.01,104.01,104.01,0,0,0
2019-12-20 15:03:00+01:00,104.01,104.01,104.01,104.01,0,0,0
2019-12-20 15:06:00+01:00,104.01,104.01,104.01,104.01,0,0,0
2019-12-20 15:09:00+01:00,104.01,104.01,104.01,104.01,0,0,0
2019-12-20 15:12:00+01:00,104.01,104.01,104.01,104.01,0,0,0
2019-12-20 15:15:00+01:00,104.01,104.01,104.01,104.01,0,0,0
2019-12-20 15:18:00+01:00,104.01,104.01,104.01,104.01,0,0,0
2019-12-20 15:21:00+01:00,104.01,104.01,104.01,104.01,0,0,0
2019-12-20 15:24:00+01:00,104.01,104.01,104.01,104.01,0,0,0
2019-12-20 15:27:00+01:00,104.01,104.01,104.01,104.01,0,0,0
2019-12-20 15:30:00+01:00,104.01,104.01,104.01,104.01,0,0,0
2019-12-20 15:33:00+01:00,104.01,104.01,104.01,104.01,0,0,0
2019-12-20 15:36:00+01:00,104.01,104.01,104.01,104.01,0,0,0
2019-12-20 15:39:00+01:00,104.01,104.01,104.01,104.01,0,0,0
2019-12-20 15:42:00+01:00,104.01,104.01,104.01,104.01,0,0,0
2019-12-20 15:45:00+01:00,104.01,104.01,104.01,104.01,0,0,0
2019-12-20 15:48:00+01:00,104.01,104.01,104.01,104.01,0,0,0
2019-12-20 15:51:00+01:00,104.01,104.01,104.01,104.01,0,0,0
2019-12-20 15:54:00+01:00,104.01,104.01,104.01,104.01,0,0,0
2019-12-20 15:57:00+01:00,104.01,104.01,104.01,104.01,0,0,0
2019-12-20 16:00:00+01:00,104.01,104.01,104.01,104.01,0,0,0
2019-12-20 16:03:00+01:00,104.01,104.01,104.01,104.01,0,0,0
2019-12-20 16:06:00+01:00,104.01,104.01,104.01,104.01,0,0,0
2019-12-20 16:09:00+01:00,104.01,104.01,104.01,104.01,0,0,0
2019-12-20 16:12:00+01:00,104.01,104.01,104.01,104.01,0,0,0
2019-12-20 16:15:00+01:00,104.01,104.01,104.01,104.01,0,0,0
2019-12-20 16:18:00+01:00,104.01,104.01,104.01,104.01,0,0,0
2019-12-20 16:21:00+01:00,104.01,104.01,104.01,104.01,0,0,0
2019-12-20 16:24:00+01:00,104.01,104.01,104.01,104.01,0,0,0
2019-12-20 16:27:00+01:00,104.01,104.01,104.01,104.01,0,0,0
2019-12-20 16:30:00+01:00,104.03,104.03,104.03,104.03,0,0,0
2019-12-20 16:33:00+01:00,104.04,104.04,104.04,104.04,0,0,0
2019-12-20 16:36:00+01:00,104.04,104.04,104.04,104.04,0,0,0
2019-12-20 16:39:00+01:00,104.05,104.05,104.05,104.05,0,0,0
2019-12-20 16:42:00+01:00,104.05,104.05,104.05,104.05,0,0,0
2019-12-20 16:45:00+01:00,104.05,104.05,104.05,104.05,0,0,0
2019-12-20 16:48:00+01:00,104.05,104.05,104.05,104.05,0,0,0
2019-12-20 16:51:00+01:00,104.05,104.05,104.05,104.05,0,0,0
2019-12-20 16:54:00+01:00,104.05,104.05,104.05,104.05,0,0,0
2019-12-20 16:57:00+01:00,104.04,104.04,104.04,104.04,0,0,0
2019-12-20 17:00:00+01:00,104.04,104.04,104.04,104.04,0,0,0
2019-12-23 09:30:00+01:00,104.04,104.04,104.04,104.04,0,0,0
2019-12-23 09:33:00+01:00,104.04,104.04,104.04,104.04,0,0,0
2019-12-23 09:36:00+01:00,104.04,104.04,104.04,104.04,0,0,0
2019-12-23 09:39:00+01:00,104.05,104.05,104.05,104.05,0,0,0
2019-12-23 09:45:00+01:00,104.05,104.05,104.05,104.05,0,0,0
2019-12-23 09:48:00+01:00,104.05,104.05,104.05,104.05,0,0,0
2019-12-23 09:51:00+01:00,104.06,104.06,104.06,104.06,0,0,0
2019-12-23 09:54:00+01:00,104.06,104.06,104.06,104.06,0,0,0
2019-12-23 09:57:00+01:00,104.06,104.06,104.06,104.06,0,0,0
2019-12-23 10:00:00+01:00,104.05,104.05,104.05,104.05,0,0,0
2019-12-23 10:03:00+01:00,104.05,104.05,104.05,104.05,0,0,0
2019-12-23 10:06:00+01:00,104.05,104.05,104.05,104.05,0,0,0
2019-12-23 10:09:00+01:00,104.05,104.05,104.05,104.05,0,0,0
2019-12-23 10:12:00+01:00,104.05,104.05,104.05,104.05,0,0,0
2019-12-23 10:15:00+01:00,104.05,104.05,104.05,104.05,0,0,0
2019-12-23 10:18:00+01:00,104.05,104.05,104.05,104.05,0,0,0
2019-12-23 10:21:00+01:00,104.05,104.05,104.05,104.05,0,0,0
2019-12-23 10:24:00+01:00,104.05,104.05,104.05,104.05,0,0,0
2019-12-23 10:27:00+01:00,104.05,104.05,104.05,104.05,0,0,0
2019-12-23 10:30:00+01:00,104.05,104.05,104.05,104.05,0,0,0
2019-12-23 10:33:00+01:00,104.05,104.05,104.05,104.05,0,0,0
2019-12-23 10:36:00+01:00,104.05,104.05,104.05,104.05,0,0,0
2019-12-23 10:39:00+01:00,104.05,104.05,104.05,104.05,0,0,0
2019-12-23 10:42:00+01:00,104.05,104.05,104.05,104.05,0,0,0
2019-12-23 10:45:00+01:00,104.05,104.05,104.05,104.05,0,0,0
2019-12-23 10:48:00+01:00,104.06,104.06,104.06,104.06,0,0,0
2019-12-23 10:51:00+01:00,104.06,104.06,104.06,104.06,0,0,0
2019-12-23 10:54:00+01:00,104.06,104.06,104.06,104.06,0,0,0
2019-12-23 10:57:00+01:00,104.06,104.06,104.06,104.06,0,0,0
2019-12-23 11:03:00+01:00,104.06,104.06,104.06,104.06,0,0,0
2019-12-23 11:06:00+01:00,104.06,104.06,104.06,104.06,0,0,0
2019-12-23 11:09:00+01:00,104.06,104.06,104.06,104.06,0,0,0
2019-12-23 11:12:00+01:00,104.06,104.06,104.06,104.06,0,0,0
2019-12-23 11:15:00+01:00,104.06,104.06,104.06,104.06,0,0,0
2019-12-23 11:18:00+01:00,104.06,104.06,104.06,104.06,0,0,0
2019-12-23 11:21:00+01:00,104.06,104.06,104.06,104.06,0,0,0
2019-12-23 11:24:00+01:00,104.06,104.06,104.06,104.06,0,0,0
2019-12-23 11:27:00+01:00,104.06,104.06,104.06,104.06,0,0,0
2019-12-23 11:30:00+01:00,104.03,104.03,104.03,104.03,0,0,0
2019-12-23 11:33:00+01:00,104.03,104.03,104.03,104.03,0,0,0
2019-12-23 11:36:00+01:00,104.03,104.03,104.03,104.03,0,0,0
2019-12-23 11:39:00+01:00,104.03,104.03,104.03,104.03,0,0,0
2019-12-23 11:42:00+01:00,104.03,104.03,104.03,104.03,0,0,0
2019-12-23 11:45:00+01:00,104.03,104.03,104.03,104.03,0,0,0
2019-12-23 11:48:00+01:00,104.03,104.03,104.03,104.03,0,0,0
2019-12-23 11:51:00+01:00,104.03,104.03,104.03,104.03,0,0,0
2019-12-23 11:54:00+01:00,104.03,104.03,104.03,104.03,0,0,0
2019-12-23 11:57:00+01:00,104.03,104.03,104.03,104.03,0,0,0
2019-12-23 12:00:00+01:00,104.03,104.03,104.03,104.03,0,0,0
2019-12-23 12:03:00+01:00,104.05,104.05,104.05,104.05,0,0,0
2019-12-23 12:06:00+01:00,104.05,104.05,104.05,104.05,0,0,0
2019-12-23 12:09:00+01:00,104.05,104.05,104.05,104.05,0,0,0
2019-12-23 12:12:00+01:00,104.05,104.05,104.05,104.05,0,0,0
2019-12-23 12:15:00+01:00,104.05,104.05,104.05,104.05,0,0,0
2019-12-23 12:18:00+01:00,104.05,104.05,104.05,104.05,0,0,0
2019-12-23 12:21:00+01:00,104.05,104.05,104.05,104.05,0,0,0
2019-12-23 12:24:00+01:00,104.05,104.05,104.05,104.05,0,0,0
2019-12-23 12:27:00+01:00,104.05,104.05,104.05,104.05,0,0,0
2019-12-23 12:30:00+01:00,104.05,104.05,104.05,104.05,0,0,0
2019-12-23 12:33:00+01:00,104.05,104.05,104.05,104.05,0,0,0
2019-12-23 12:36:00+01:00,104.05,104.05,104.05,104.05,0,0,0
2019-12-23 12:39:00+01:00,104.05,104.05,104.05,104.05,0,0,0
2019-12-23 12:42:00+01:00,104.05,104.05,104.05,104.05,0,0,0
2019-12-23 12:45:00+01:00,104.05,104.05,104.05,104.05,0,0,0
2019-12-23 12:48:00+01:00,104.05,104.05,104.05,104.05,0,0,0
2019-12-23 12:51:00+01:00,104.05,104.05,104.05,104.05,0,0,0
2019-12-23 12:54:00+01:00,104.05,104.05,104.05,104.05,0,0,0
2019-12-23 12:57:00+01:00,104.05,104.05,104.05,104.05,0,0,0
2019-12-23 13:00:00+01:00,104.05,104.05,104.05,104.05,0,0,0
2019-12-23 13:03:00+01:00,104.05,104.05,104.05,104.05,0,0,0
2019-12-23 13:06:00+01:00,104.05,104.05,104.05,104.05,0,0,0
2019-12-23 13:09:00+01:00,104.05,104.05,104.05,104.05,0,0,0
2019-12-23 13:12:00+01:00,104.05,104.05,104.05,104.05,0,0,0
2019-12-23 13:15:00+01:00,104.05,104.05,104.05,104.05,0,0,0
2019-12-23 13:18:00+01:00,104.05,104.05,104.05,104.05,0,0,0
2019-12-23 13:21:00+01:00,104.05,104.05,104.05,104.05,0,0,0
2019-12-23 13:24:00+01:00,104.05,104.05,104.05,104.05,0,0,0
2019-12-23 13:27:00+01:00,104.05,104.05,104.05,104.05,0,0,0
2019-12-23 13:30:00+01:00,104.05,104.05,104.05,104.05,0,0,0
2019-12-23 13:33:00+01:00,104.05,104.05,104.05,104.05,0,0,0
2019-12-23 13:36:00+01:00,104.05,104.05,104.05,104.05,0,0,0
2019-12-23 13:39:00+01:00,104.05,104.05,104.05,104.05,0,0,0
2019-12-23 13:42:00+01:00,104.05,104.05,104.05,104.05,0,0,0
2019-12-23 13:45:00+01:00,104.05,104.05,104.05,104.05,0,0,0
2019-12-23 13:48:00+01:00,104.05,104.05,104.05,104.05,0,0,0
2019-12-23 13:51:00+01:00,104.05,104.05,104.05,104.05,0,0,0
2019-12-23 13:54:00+01:00,104.05,104.05,104.05,104.05,0,0,0
2019-12-23 13:57:00+01:00,104.05,104.05,104.05,104.05,0,0,0
2019-12-23 14:00:00+01:00,104.05,104.05,104.05,104.05,0,0,0
2019-12-23 14:03:00+01:00,104.05,104.05,104.05,104.05,0,0,0
2019-12-23 14:06:00+01:00,104.05,104.05,104.05,104.05,0,0,0
2019-12-23 14:09:00+01:00,104.05,104.05,104.05,104.05,0,0,0
2019-12-23 14:12:00+01:00,104.05,104.05,104.05,104.05,0,0,0
2019-12-23 14:15:00+01:00,104.05,104.05,104.05,104.05,0,0,0
2019-12-23 14:18:00+01:00,104.05,104.05,104.05,104.05,0,0,0
2019-12-23 14:21:00+01:00,104.05,104.05,104.05,104.05,0,0,0
2019-12-23 14:24:00+01:00,104.05,104.05,104.05,104.05,0,0,0
2019-12-23 14:27:00+01:00,104.05,104.05,104.05,104.05,0,0,0
2019-12-23 14:30:00+01:00,104.05,104.05,104.05,104.05,0,0,0
2019-12-23 14:33:00+01:00,104.05,104.05,104.05,104.05,0,0,0
2019-12-23 14:36:00+01:00,104.05,104.05,104.05,104.05,0,0,0
2019-12-23 14:39:00+01:00,104.05,104.05,104.05,104.05,0,0,0
2019-12-23 14:42:00+01:00,104.05,104.05,104.05,104.05,0,0,0
2019-12-23 14:45:00+01:00,104.05,104.05,104.05,104.05,0,0,0
2019-12-23 14:48:00+01:00,104.05,104.05,104.05,104.05,0,0,0
2019-12-23 14:51:00+01:00,104.05,104.05,104.05,104.05,0,0,0
2019-12-23 14:54:00+01:00,104.05,104.05,104.05,104.05,0,0,0
2019-12-23 14:57:00+01:00,104.05,104.05,104.05,104.05,0,0,0
2019-12-23 15:00:00+01:00,104.05,104.05,104.05,104.05,0,0,0
2019-12-23 15:03:00+01:00,104.05,104.05,104.05,104.05,0,0,0
2019-12-23 15:06:00+01:00,104.05,104.05,104.05,104.05,0,0,0
2019-12-23 15:09:00+01:00,104.05,104.05,104.05,104.05,0,0,0
2019-12-23 15:12:00+01:00,104.05,104.05,104.05,104.05,0,0,0
2019-12-23 15:15:00+01:00,104.05,104.05,104.05,104.05,0,0,0
2019-12-23 15:18:00+01:00,104.04,104.04,104.04,104.04,0,0,0
2019-12-23 15:21:00+01:00,104.04,104.04,104.04,104.04,0,0,0
2019-12-23 15:24:00+01:00,104.04,104.04,104.04,104.04,0,0,0
2019-12-23 15:27:00+01:00,104.04,104.04,104.04,104.04,0,0,0
2019-12-23 15:30:00+01:00,104.04,104.04,104.04,104.04,0,0,0
2019-12-23 15:33:00+01:00,104.04,104.04,104.04,104.04,0,0,0
2019-12-23 15:36:00+01:00,104.04,104.04,104.04,104.04,0,0,0
2019-12-23 15:39:00+01:00,104.04,104.04,104.04,104.04,0,0,0
2019-12-23 15:42:00+01:00,104.01,104.01,104.01,104.01,0,0,0
2019-12-23 15:45:00+01:00,104.01,104.01,104.01,104.01,0,0,0
2019-12-23 15:48:00+01:00,104.01,104.01,104.01,104.01,0,0,0
2019-12-23 15:51:00+01:00,104.01,104.01,104.01,104.01,0,0,0
2019-12-23 15:54:00+01:00,104.01,104.01,104.01,104.01,0,0,0
2019-12-23 15:57:00+01:00,104.01,104.01,104.01,104.01,0,0,0
2019-12-23 16:00:00+01:00,104.01,104.01,104.01,104.01,0,0,0
2019-12-23 16:03:00+01:00,104.01,104.01,104.01,104.01,0,0,0
2019-12-23 16:06:00+01:00,104.01,104.01,104.01,104.01,0,0,0
2019-12-23 16:09:00+01:00,104.01,104.01,104.01,104.01,0,0,0
2019-12-23 16:12:00+01:00,104.01,104.01,104.01,104.01,0,0,0
2019-12-23 16:15:00+01:00,104.01,104.01,104.01,104.01,0,0,0
2019-12-23 16:18:00+01:00,104.01,104.01,104.01,104.01,0,0,0
2019-12-23 16:21:00+01:00,104.01,104.01,104.01,104.01,0,0,0
2019-12-23 16:24:00+01:00,104.01,104.01,104.01,104.01,0,0,0
2019-12-23 16:27:00+01:00,104.01,104.01,104.01,104.01,0,0,0
2019-12-23 16:30:00+01:00,104.0,104.0,104.0,104.0,0,0,0
2019-12-23 16:33:00+01:00,104.0,104.0,104.0,104.0,0,0,0
2019-12-23 16:36:00+01:00,104.0,104.0,104.0,104.0,0,0,0
2019-12-23 16:39:00+01:00,104.0,104.0,104.0,104.0,0,0,0
2019-12-23 16:42:00+01:00,104.0,104.0,104.0,104.0,0,0,0
2019-12-23 16:45:00+01:00,104.0,104.0,104.0,104.0,0,0,0
2019-12-23 16:48:00+01:00,103.99,103.99,103.99,103.99,0,0,0
2019-12-23 16:51:00+01:00,103.99,103.99,103.99,103.99,0,0,0
2019-12-23 16:54:00+01:00,103.99,103.99,103.99,103.99,0,0,0
2019-12-23 16:57:00+01:00,103.99,103.99,103.99,103.99,0,0,0
2019-12-23 17:00:00+01:00,103.99,103.99,103.99,103.99,0,0,0
2019-12-23 17:00:00+01:00,103.99,103.99,103.99,103.99,0,0,0
2019-12-27 09:30:00+01:00,103.99,103.99,103.99,103.99,0,0,0
2019-12-27 09:33:00+01:00,103.98,103.98,103.98,103.98,0,0,0
2019-12-27 09:36:00+01:00,103.99,103.99,103.99,103.99,0,0,0
2019-12-27 09:39:00+01:00,103.99,103.99,103.99,103.99,0,0,0
2019-12-27 09:42:00+01:00,103.99,103.99,103.99,103.99,0,0,0
2019-12-27 09:45:00+01:00,103.99,103.99,103.99,103.99,0,0,0
2019-12-27 09:48:00+01:00,103.99,103.99,103.99,103.99,0,0,0
2019-12-27 09:51:00+01:00,103.99,103.99,103.99,103.99,0,0,0
2019-12-27 09:54:00+01:00,103.99,103.99,103.99,103.99,0,0,0
2019-12-27 09:57:00+01:00,103.98,103.98,103.98,103.98,0,0,0
2019-12-27 10:00:00+01:00,103.98,103.98,103.98,103.98,0,0,0
2019-12-27 10:03:00+01:00,103.98,103.98,103.98,103.98,0,0,0
2019-12-27 10:06:00+01:00,103.98,103.98,103.98,103.98,0,0,0
2019-12-27 10:09:00+01:00,103.98,103.98,103.98,103.98,0,0,0
2019-12-27 10:12:00+01:00,103.98,103.98,103.98,103.98,0,0,0
2019-12-27 10:15:00+01:00,103.98,103.98,103.98,103.98,0,0,0
2019-12-27 10:18:00+01:00,103.98,103.98,103.98,103.98,0,0,0
2019-12-27 10:21:00+01:00,103.98,103.98,103.98,103.98,0,0,0
2019-12-27 10:24:00+01:00,103.98,103.98,103.98,103.98,0,0,0
2019-12-27 10:27:00+01:00,103.98,103.98,103.98,103.98,0,0,0
2019-12-27 10:30:00+01:00,103.98,103.98,103.98,103.98,0,0,0
2019-12-27 10:36:00+01:00,103.99,103.99,103.99,103.99,0,0,0
2019-12-27 10:39:00+01:00,103.99,103.99,103.99,103.99,0,0,0
2019-12-27 10:42:00+01:00,103.99,103.99,103.99,103.99,0,0,0
2019-12-27 10:45:00+01:00,103.99,103.99,103.99,103.99,0,0,0
2019-12-27 10:48:00+01:00,103.99,103.99,103.99,103.99,0,0,0
2019-12-27 10:51:00+01:00,103.99,103.99,103.99,103.99,0,0,0
2019-12-27 10:54:00+01:00,103.99,103.99,103.99,103.99,0,0,0
2019-12-27 10:57:00+01:00,103.99,103.99,103.99,103.99,0,0,0
2019-12-27 11:00:00+01:00,103.99,103.99,103.99,103.99,0,0,0
2019-12-27 11:03:00+01:00,103.99,103.99,103.99,103.99,0,0,0
2019-12-27 11:06:00+01:00,103.99,103.99,103.99,103.99,0,0,0
2019-12-27 11:09:00+01:00,103.99,103.99,103.99,103.99,0,0,0
2019-12-27 11:12:00+01:00,103.99,103.99,103.99,103.99,0,0,0
2019-12-27 11:15:00+01:00,103.98,103.98,103.98,103.98,0,0,0
2019-12-27 11:18:00+01:00,103.98,103.98,103.98,103.98,0,0,0
2019-12-27 11:21:00+01:00,103.98,103.98,103.98,103.98,0,0,0
2019-12-27 11:24:00+01:00,103.98,103.98,103.98,103.98,0,0,0
2019-12-27 11:27:00+01:00,103.98,103.98,103.98,103.98,0,0,0
2019-12-27 11:30:00+01:00,103.98,103.98,103.98,103.98,0,0,0
2019-12-27 11:33:00+01:00,103.98,103.98,103.98,103.98,0,0,0
2019-12-27 11:36:00+01:00,103.98,103.98,103.98,103.98,0,0,0
2019-12-27 11:39:00+01:00,103.98,103.98,103.98,103.98,0,0,0
2019-12-27 11:42:00+01:00,103.98,103.98,103.98,103.98,0,0,0
2019-12-27 11:45:00+01:00,103.98,103.98,103.98,103.98,0,0,0
2019-12-27 11:48:00+01:00,103.98,103.98,103.98,103.98,0,0,0
2019-12-27 11:51:00+01:00,103.98,103.98,103.98,103.98,0,0,0
2019-12-27 11:54:00+01:00,103.98,103.98,103.98,103.98,0,0,0
2019-12-27 11:57:00+01:00,103.98,103.98,103.98,103.98,0,0,0
2019-12-27 12:00:00+01:00,103.98,103.98,103.98,103.98,0,0,0
2019-12-27 12:03:00+01:00,103.98,103.98,103.98,103.98,0,0,0
2019-12-27 12:06:00+01:00,103.98,103.98,103.98,103.98,0,0,0
2019-12-27 12:09:00+01:00,103.98,103.98,103.98,103.98,0,0,0
2019-12-27 12:12:00+01:00,103.98,103.98,103.98,103.98,0,0,0
2019-12-27 12:15:00+01:00,103.98,103.98,103.98,103.98,0,0,0
2019-12-27 12:18:00+01:00,103.98,103.98,103.98,103.98,0,0,0
2019-12-27 12:21:00+01:00,103.98,103.98,103.98,103.98,0,0,0
2019-12-27 12:24:00+01:00,103.98,103.98,103.98,103.98,0,0,0
2019-12-27 12:27:00+01:00,103.98,103.98,103.98,103.98,0,0,0
2019-12-27 12:30:00+01:00,103.98,103.98,103.98,103.98,0,0,0
2019-12-27 12:33:00+01:00,103.98,103.98,103.98,103.98,0,0,0
2019-12-27 12:36:00+01:00,103.98,103.98,103.98,103.98,0,0,0
2019-12-27 12:39:00+01:00,103.98,103.98,103.98,103.98,0,0,0
2019-12-27 12:42:00+01:00,103.98,103.98,103.98,103.98,0,0,0
2019-12-27 12:45:00+01:00,103.98,103.98,103.98,103.98,0,0,0
2019-12-27 12:48:00+01:00,103.98,103.98,103.98,103.98,0,0,0
2019-12-27 12:51:00+01:00,103.98,103.98,103.98,103.98,0,0,0
2019-12-27 12:54:00+01:00,103.98,103.98,103.98,103.98,0,0,0
2019-12-27 12:57:00+01:00,103.98,103.98,103.98,103.98,0,0,0
2019-12-27 13:00:00+01:00,103.98,103.98,103.98,103.98,0,0,0
2019-12-27 13:03:00+01:00,103.98,103.98,103.98,103.98,0,0,0
2019-12-27 13:06:00+01:00,103.98,103.98,103.98,103.98,0,0,0
2019-12-27 13:09:00+01:00,103.98,103.98,103.98,103.98,0,0,0
2019-12-27 13:12:00+01:00,103.98,103.98,103.98,103.98,0,0,0
2019-12-27 13:15:00+01:00,103.98,103.98,103.98,103.98,0,0,0
2019-12-27 13:18:00+01:00,103.98,103.98,103.98,103.98,0,0,0
2019-12-27 13:21:00+01:00,103.98,103.98,103.98,103.98,0,0,0
2019-12-27 13:24:00+01:00,103.98,103.98,103.98,103.98,0,0,0
2019-12-27 13:27:00+01:00,103.98,103.98,103.98,103.98,0,0,0
2019-12-27 13:30:00+01:00,103.98,103.98,103.98,103.98,0,0,0
2019-12-27 13:33:00+01:00,103.88,103.88,103.88,103.88,0,0,0
2019-12-27 13:36:00+01:00,103.88,103.88,103.88,103.88,0,0,0
2019-12-27 13:39:00+01:00,103.95,103.95,103.95,103.95,0,0,0
2019-12-27 13:42:00+01:00,103.97,103.97,103.97,103.97,0,0,0
2019-12-27 13:45:00+01:00,103.97,103.97,103.97,103.97,0,0,0
2019-12-27 13:48:00+01:00,103.97,103.97,103.97,103.97,0,0,0
2019-12-27 13:51:00+01:00,103.97,103.97,103.97,103.97,0,0,0
2019-12-27 13:54:00+01:00,103.97,103.97,103.97,103.97,0,0,0
2019-12-27 13:57:00+01:00,103.97,103.97,103.97,103.97,0,0,0
2019-12-27 14:00:00+01:00,103.97,103.97,103.97,103.97,0,0,0
2019-12-27 14:03:00+01:00,103.97,103.97,103.97,103.97,0,0,0
2019-12-27 14:06:00+01:00,103.97,103.97,103.97,103.97,0,0,0
2019-12-27 14:09:00+01:00,103.97,103.97,103.97,103.97,0,0,0
2019-12-27 14:12:00+01:00,103.97,103.97,103.97,103.97,0,0,0
2019-12-27 14:15:00+01:00,103.97,103.97,103.97,103.97,0,0,0
2019-12-27 14:18:00+01:00,103.97,103.97,103.97,103.97,0,0,0
2019-12-27 14:21:00+01:00,103.97,103.97,103.97,103.97,0,0,0
2019-12-27 14:24:00+01:00,103.97,103.97,103.97,103.97,0,0,0
2019-12-27 14:27:00+01:00,103.97,103.97,103.97,103.97,0,0,0
2019-12-27 14:30:00+01:00,103.97,103.97,103.97,103.97,0,0,0
2019-12-27 14:33:00+01:00,103.97,103.97,103.97,103.97,0,0,0
2019-12-27 14:36:00+01:00,103.97,103.97,103.97,103.97,0,0,0
2019-12-27 14:39:00+01:00,103.97,103.97,103.97,103.97,0,0,0
2019-12-27 14:42:00+01:00,103.97,103.97,103.97,103.97,0,0,0
2019-12-27 14:45:00+01:00,103.97,103.97,103.97,103.97,0,0,0
2019-12-27 14:48:00+01:00,103.97,103.97,103.97,103.97,0,0,0
2019-12-27 14:51:00+01:00,103.97,103.97,103.97,103.97,0,0,0
2019-12-27 14:54:00+01:00,103.97,103.97,103.97,103.97,0,0,0
2019-12-27 14:57:00+01:00,103.97,103.97,103.97,103.97,0,0,0
2019-12-27 15:00:00+01:00,103.97,103.97,103.97,103.97,0,0,0
2019-12-27 15:03:00+01:00,103.97,103.97,103.97,103.97,0,0,0
2019-12-27 15:06:00+01:00,103.97,103.97,103.97,103.97,0,0,0
2019-12-27 15:09:00+01:00,103.97,103.97,103.97,103.97,0,0,0
2019-12-27 15:12:00+01:00,103.97,103.97,103.97,103.97,0,0,0
2019-12-27 15:15:00+01:00,103.97,103.97,103.97,103.97,0,0,0
2019-12-27 15:18:00+01:00,103.97,103.97,103.97,103.97,0,0,0
2019-12-27 15:21:00+01:00,103.97,103.97,103.97,103.97,0,0,0
2019-12-27 15:24:00+01:00,103.97,103.97,103.97,103.97,0,0,0
2019-12-27 15:27:00+01:00,103.97,103.97,103.97,103.97,0,0,0
2019-12-27 15:30:00+01:00,103.97,103.97,103.97,103.97,0,0,0
2019-12-27 15:33:00+01:00,103.97,103.97,103.97,103.97,0,0,0
2019-12-27 15:36:00+01:00,103.97,103.97,103.97,103.97,0,0,0
2019-12-27 15:39:00+01:00,103.97,103.97,103.97,103.97,0,0,0
2019-12-27 15:42:00+01:00,103.97,103.97,103.97,103.97,0,0,0
2019-12-27 15:45:00+01:00,103.97,103.97,103.97,103.97,0,0,0
2019-12-27 15:48:00+01:00,103.97,103.97,103.97,103.97,0,0,0
2019-12-27 15:51:00+01:00,103.97,103.97,103.97,103.97,0,0,0
2019-12-27 15:54:00+01:00,103.97,103.97,103.97,103.97,0,0,0
2019-12-27 15:57:00+01:00,103.97,103.97,103.97,103.97,0,0,0
2019-12-27 16:00:00+01:00,103.97,103.97,103.97,103.97,0,0,0
2019-12-27 16:03:00+01:00,103.97,103.97,103.97,103.97,0,0,0
2019-12-27 16:06:00+01:00,103.97,103.97,103.97,103.97,0,0,0
2019-12-27 16:09:00+01:00,103.97,103.97,103.97,103.97,0,0,0
2019-12-27 16:12:00+01:00,103.97,103.97,103.97,103.97,0,0,0
2019-12-27 16:15:00+01:00,103.97,103.97,103.97,103.97,0,0,0
2019-12-27 16:18:00+01:00,103.97,103.97,103.97,103.97,0,0,0
2019-12-27 16:21:00+01:00,103.97,103.97,103.97,103.97,0,0,0
2019-12-27 16:24:00+01:00,103.97,103.97,103.97,103.97,0,0,0
2019-12-27 16:27:00+01:00,103.97,103.97,103.97,103.97,0,0,0
2019-12-27 16:30:00+01:00,103.97,103.97,103.97,103.97,0,0,0
2019-12-27 16:33:00+01:00,103.97,103.97,103.97,103.97,0,0,0
2019-12-27 16:36:00+01:00,103.97,103.97,103.97,103.97,0,0,0
2019-12-27 16:39:00+01:00,103.97,103.97,103.97,103.97,0,0,0
2019-12-27 16:42:00+01:00,103.97,103.97,103.97,103.97,0,0,0
2019-12-27 16:45:00+01:00,103.97,103.97,103.97,103.97,0,0,0
2019-12-27 16:48:00+01:00,103.97,103.97,103.97,103.97,0,0,0
2019-12-27 16:54:00+01:00,103.97,103.97,103.97,103.97,0,0,0
2019-12-27 16:57:00+01:00,103.97,103.97,103.97,103.97,0,0,0
2019-12-27 17:00:00+01:00,103.97,103.97,103.97,103.97,0,0,0
2019-12-30 09:30:00+01:00,103.97,103.97,103.97,103.97,0,0,0
2019-12-30 09:33:00+01:00,103.97,103.97,103.97,103.97,0,0,0
2019-12-30 09:36:00+01:00,103.97,103.97,103.97,103.97,0,0,0
2019-12-30 09:39:00+01:00,103.96,103.96,103.96,103.96,0,0,0
2019-12-30 09:42:00+01:00,103.95,103.95,103.95,103.95,0,0,0
2019-12-30 09:45:00+01:00,103.96,103.96,103.96,103.96,0,0,0
2019-12-30 09:48:00+01:00,103.96,103.96,103.96,103.96,0,0,0
2019-12-30 09:51:00+01:00,103.95,103.95,103.95,103.95,0,0,0
2019-12-30 09:54:00+01:00,103.95,103.95,103.95,103.95,0,0,0
2019-12-30 09:57:00+01:00,103.95,103.95,103.95,103.95,0,0,0
2019-12-30 10:00:00+01:00,103.95,103.95,103.95,103.95,0,0,0
2019-12-30 10:03:00+01:00,103.95,103.95,103.95,103.95,0,0,0
2019-12-30 10:06:00+01:00,103.94,103.94,103.94,103.94,0,0,0
2019-12-30 10:09:00+01:00,103.94,103.94,103.94,103.94,0,0,0
2019-12-30 10:12:00+01:00,103.94,103.94,103.94,103.94,0,0,0
2019-12-30 10:15:00+01:00,103.94,103.94,103.94,103.94,0,0,0
2019-12-30 10:18:00+01:00,103.94,103.94,103.94,103.94,0,0,0
2019-12-30 10:21:00+01:00,103.94,103.94,103.94,103.94,0,0,0
2019-12-30 10:24:00+01:00,103.94,103.94,103.94,103.94,0,0,0
2019-12-30 10:27:00+01:00,103.94,103.94,103.94,103.94,0,0,0
2019-12-30 10:30:00+01:00,103.94,103.94,103.94,103.94,0,0,0
2019-12-30 10:33:00+01:00,103.94,103.94,103.94,103.94,0,0,0
2019-12-30 10:36:00+01:00,103.94,103.94,103.94,103.94,0,0,0
2019-12-30 10:39:00+01:00,103.94,103.94,103.94,103.94,0,0,0
2019-12-30 10:42:00+01:00,103.94,103.94,103.94,103.94,0,0,0
2019-12-30 10:45:00+01:00,103.94,103.94,103.94,103.94,0,0,0
2019-12-30 10:48:00+01:00,103.94,103.94,103.94,103.94,0,0,0
2019-12-30 10:51:00+01:00,103.94,103.94,103.94,103.94,0,0,0
2019-12-30 10:54:00+01:00,103.94,103.94,103.94,103.94,0,0,0
2019-12-30 10:57:00+01:00,103.94,103.94,103.94,103.94,0,0,0
2019-12-30 11:00:00+01:00,103.94,103.94,103.94,103.94,0,0,0
2019-12-30 11:03:00+01:00,103.94,103.94,103.94,103.94,0,0,0
2019-12-30 11:06:00+01:00,103.9,103.9,103.9,103.9,0,0,0
2019-12-30 11:09:00+01:00,103.9,103.9,103.9,103.9,0,0,0
2019-12-30 11:12:00+01:00,103.9,103.9,103.9,103.9,0,0,0
2019-12-30 11:15:00+01:00,103.9,103.9,103.9,103.9,0,0,0
2019-12-30 11:18:00+01:00,103.9,103.9,103.9,103.9,0,0,0
2019-12-30 11:21:00+01:00,103.9,103.9,103.9,103.9,0,0,0
2019-12-30 11:24:00+01:00,103.9,103.9,103.9,103.9,0,0,0
2019-12-30 11:27:00+01:00,103.89,103.89,103.89,103.89,0,0,0
2019-12-30 11:30:00+01:00,103.89,103.89,103.89,103.89,0,0,0
2019-12-30 11:33:00+01:00,103.89,103.89,103.89,103.89,0,0,0
2019-12-30 11:36:00+01:00,103.89,103.89,103.89,103.89,0,0,0
2019-12-30 11:39:00+01:00,103.89,103.89,103.89,103.89,0,0,0
2019-12-30 11:42:00+01:00,103.89,103.89,103.89,103.89,0,0,0
2019-12-30 11:45:00+01:00,103.89,103.89,103.89,103.89,0,0,0
2019-12-30 11:48:00+01:00,103.89,103.89,103.89,103.89,0,0,0
2019-12-30 11:51:00+01:00,103.89,103.89,103.89,103.89,0,0,0
2019-12-30 11:54:00+01:00,103.89,103.89,103.89,103.89,0,0,0
2019-12-30 11:57:00+01:00,103.89,103.89,103.89,103.89,0,0,0
2019-12-30 12:00:00+01:00,103.89,103.89,103.89,103.89,0,0,0
2019-12-30 12:03:00+01:00,103.89,103.89,103.89,103.89,0,0,0
2019-12-30 12:06:00+01:00,103.89,103.89,103.89,103.89,0,0,0
2019-12-30 12:09:00+01:00,103.89,103.89,103.89,103.89,0,0,0
2019-12-30 12:12:00+01:00,103.89,103.89,103.89,103.89,0,0,0
2019-12-30 12:15:00+01:00,103.89,103.89,103.89,103.89,0,0,0
2019-12-30 12:18:00+01:00,103.89,103.89,103.89,103.89,0,0,0
2019-12-30 12:21:00+01:00,103.89,103.89,103.89,103.89,0,0,0
2019-12-30 12:24:00+01:00,103.89,103.89,103.89,103.89,0,0,0
2019-12-30 12:27:00+01:00,103.89,103.89,103.89,103.89,0,0,0
2019-12-30 12:30:00+01:00,103.89,103.89,103.89,103.89,0,0,0
2019-12-30 12:33:00+01:00,103.89,103.89,103.89,103.89,0,0,0
2019-12-30 12:36:00+01:00,103.89,103.89,103.89,103.89,0,0,0
2019-12-30 12:39:00+01:00,103.89,103.89,103.89,103.89,0,0,0
2019-12-30 12:42:00+01:00,103.89,103.89,103.89,103.89,0,0,0
2019-12-30 12:45:00+01:00,103.89,103.89,103.89,103.89,0,0,0
2019-12-30 12:48:00+01:00,103.89,103.89,103.89,103.89,0,0,0
2019-12-30 12:51:00+01:00,103.89,103.89,103.89,103.89,0,0,0
2019-12-30 12:54:00+01:00,103.89,103.89,103.89,103.89,0,0,0
2019-12-30 12:57:00+01:00,103.89,103.89,103.89,103.89,0,0,0
2019-12-30 13:00:00+01:00,103.88,103.88,103.88,103.88,0,0,0
2019-12-30 13:03:00+01:00,103.88,103.88,103.88,103.88,0,0,0
2019-12-30 13:06:00+01:00,103.87,103.87,103.87,103.87,0,0,0
2019-12-30 13:09:00+01:00,103.87,103.87,103.87,103.87,0,0,0
2019-12-30 13:12:00+01:00,103.87,103.87,103.87,103.87,0,0,0
2019-12-30 13:15:00+01:00,103.87,103.87,103.87,103.87,0,0,0
2019-12-30 13:18:00+01:00,103.87,103.87,103.87,103.87,0,0,0
2019-12-30 13:21:00+01:00,103.87,103.87,103.87,103.87,0,0,0
2019-12-30 13:24:00+01:00,103.87,103.87,103.87,103.87,0,0,0
2019-12-30 13:27:00+01:00,103.87,103.87,103.87,103.87,0,0,0
2019-12-30 13:30:00+01:00,103.87,103.87,103.87,103.87,0,0,0
2019-12-30 13:33:00+01:00,103.87,103.87,103.87,103.87,0,0,0
2019-12-30 13:36:00+01:00,103.87,103.87,103.87,103.87,0,0,0
2019-12-30 13:39:00+01:00,103.87,103.87,103.87,103.87,0,0,0
2019-12-30 13:42:00+01:00,103.87,103.87,103.87,103.87,0,0,0
2019-12-30 13:45:00+01:00,103.87,103.87,103.87,103.87,0,0,0
2019-12-30 13:48:00+01:00,103.87,103.87,103.87,103.87,0,0,0
2019-12-30 13:51:00+01:00,103.87,103.87,103.87,103.87,0,0,0
2019-12-30 13:54:00+01:00,103.87,103.87,103.87,103.87,0,0,0
2019-12-30 13:57:00+01:00,103.87,103.87,103.87,103.87,0,0,0
2019-12-30 14:00:00+01:00,103.87,103.87,103.87,103.87,0,0,0
2019-12-30 14:03:00+01:00,103.87,103.87,103.87,103.87,0,0,0
2019-12-30 14:06:00+01:00,103.87,103.87,103.87,103.87,0,0,0
2019-12-30 14:09:00+01:00,103.87,103.87,103.87,103.87,0,0,0
2019-12-30 14:12:00+01:00,103.86,103.86,103.86,103.86,0,0,0
2019-12-30 14:15:00+01:00,103.86,103.86,103.86,103.86,0,0,0
2019-12-30 14:18:00+01:00,103.86,103.86,103.86,103.86,0,0,0
2019-12-30 14:21:00+01:00,103.86,103.86,103.86,103.86,0,0,0
2019-12-30 14:24:00+01:00,103.86,103.86,103.86,103.86,0,0,0
2019-12-30 14:27:00+01:00,103.86,103.86,103.86,103.86,0,0,0
2019-12-30 14:30:00+01:00,103.86,103.86,103.86,103.86,0,0,0
2019-12-30 14:33:00+01:00,103.86,103.86,103.86,103.86,0,0,0
2019-12-30 14:36:00+01:00,103.86,103.86,103.86,103.86,0,0,0
2019-12-30 14:39:00+01:00,103.86,103.86,103.86,103.86,0,0,0
2019-12-30 14:42:00+01:00,103.86,103.86,103.86,103.86,0,0,0
2019-12-30 14:45:00+01:00,103.86,103.86,103.86,103.86,0,0,0
2019-12-30 14:48:00+01:00,103.86,103.86,103.86,103.86,0,0,0
2019-12-30 14:51:00+01:00,103.86,103.86,103.86,103.86,0,0,0
2019-12-30 14:54:00+01:00,103.86,103.86,103.86,103.86,0,0,0
2019-12-30 14:57:00+01:00,103.86,103.86,103.86,103.86,0,0,0
2019-12-30 15:00:00+01:00,103.85,103.85,103.85,103.85,0,0,0
2019-12-30 15:03:00+01:00,103.85,103.85,103.85,103.85,0,0,0
2019-12-30 15:06:00+01:00,103.85,103.85,103.85,103.85,0,0,0
2019-12-30 15:09:00+01:00,103.85,103.85,103.85,103.85,0,0,0
2019-12-30 15:12:00+01:00,103.85,103.85,103.85,103.85,0,0,0
2019-12-30 15:15:00+01:00,103.86,103.86,103.86,103.86,0,0,0
2019-12-30 15:18:00+01:00,103.86,103.86,103.86,103.86,0,0,0
2019-12-30 15:21:00+01:00,103.86,103.86,103.86,103.86,0,0,0
2019-12-30 15:24:00+01:00,103.86,103.86,103.86,103.86,0,0,0
2019-12-30 15:27:00+01:00,103.86,103.86,103.86,103.86,0,0,0
2019-12-30 15:30:00+01:00,103.86,103.86,103.86,103.86,0,0,0
2019-12-30 15:33:00+01:00,103.86,103.86,103.86,103.86,0,0,0
2019-12-30 15:36:00+01:00,103.86,103.86,103.86,103.86,0,0,0
2019-12-30 15:39:00+01:00,103.86,103.86,103.86,103.86,0,0,0
2019-12-30 15:42:00+01:00,103.86,103.86,103.86,103.86,0,0,0
2019-12-30 15:45:00+01:00,103.85,103.85,103.85,103.85,0,0,0
2019-12-30 15:48:00+01:00,103.85,103.85,103.85,103.85,0,0,0
2019-12-30 15:51:00+01:00,103.85,103.85,103.85,103.85,0,0,0
2019-12-30 15:54:00+01:00,103.85,103.85,103.85,103.85,0,0,0
2019-12-30 15:57:00+01:00,103.85,103.85,103.85,103.85,0,0,0
2019-12-30 16:00:00+01:00,103.85,103.85,103.85,103.85,0,0,0
2019-12-30 16:03:00+01:00,103.85,103.85,103.85,103.85,0,0,0
2019-12-30 16:06:00+01:00,103.85,103.85,103.85,103.85,0,0,0
2019-12-30 16:09:00+01:00,103.85,103.85,103.85,103.85,0,0,0
2019-12-30 16:12:00+01:00,103.85,103.85,103.85,103.85,0,0,0
2019-12-30 16:15:00+01:00,103.85,103.85,103.85,103.85,0,0,0
2019-12-30 16:18:00+01:00,103.85,103.85,103.85,103.85,0,0,0
2019-12-30 16:21:00+01:00,103.85,103.85,103.85,103.85,0,0,0
2019-12-30 16:24:00+01:00,103.85,103.85,103.85,103.85,0,0,0
2019-12-30 16:27:00+01:00,103.85,103.85,103.85,103.85,0,0,0
2019-12-30 16:30:00+01:00,103.85,103.85,103.85,103.85,0,0,0
2019-12-30 16:33:00+01:00,103.85,103.85,103.85,103.85,0,0,0
2019-12-30 16:36:00+01:00,103.85,103.85,103.85,103.85,0,0,0
2019-12-30 16:39:00+01:00,103.85,103.85,103.85,103.85,0,0,0
2019-12-30 16:42:00+01:00,103.85,103.85,103.85,103.85,0,0,0
2019-12-30 16:45:00+01:00,103.85,103.85,103.85,103.85,0,0,0
2019-12-30 16:48:00+01:00,103.85,103.85,103.85,103.85,0,0,0
2019-12-30 16:51:00+01:00,103.85,103.85,103.85,103.85,0,0,0
2019-12-30 16:54:00+01:00,103.85,103.85,103.85,103.85,0,0,0
2019-12-30 16:57:00+01:00,103.84,103.84,103.84,103.84,0,0,0
