Datetime,Open,High,Low,Close,Volume,Dividends,Stock Splits
2019-12-17 11:01:00-05:00,1.78,1.78,1.78,1.78,0,0,0
2019-12-17 11:07:00-05:00,1.79,1.79,1.785,1.79,100610,0,0
2019-12-17 11:13:00-05:00,1.795,1.795,1.795,1.795,500,0,0
2019-12-17 11:20:00-05:00,1.79,1.79,1.79,1.79,100,0,0
2019-12-17 11:25:00-05:00,1.79,1.79,1.79,1.79,100,0,0
2019-12-17 11:36:00-05:00,1.795,1.795,1.795,1.795,290,0,0
2019-12-17 11:37:00-05:00,1.8,1.8,1.8,1.8,10000,0,0
2019-12-17 11:43:00-05:00,1.795,1.795,1.795,1.795,500,0,0
2019-12-17 11:45:00-05:00,1.79,1.79,1.79,1.79,33500,0,0
2019-12-17 11:46:00-05:00,1.785,1.785,1.785,1.785,500,0,0
2019-12-17 11:59:00-05:00,1.78,1.78,1.78,1.78,150,0,0
2019-12-17 12:06:00-05:00,1.78,1.78,1.78,1.78,100,0,0
2019-12-17 12:25:00-05:00,1.785,1.79,1.785,1.79,200,0,0
2019-12-17 13:00:00-05:00,1.79,1.79,1.79,1.79,900,0,0
2019-12-17 13:04:00-05:00,1.785,1.79,1.785,1.79,4600,0,0
2019-12-17 13:21:00-05:00,1.795,1.795,1.795,1.795,100,0,0
2019-12-17 13:29:00-05:00,1.79,1.79,1.79,1.79,100,0,0
2019-12-17 13:31:00-05:00,1.79,1.79,1.79,1.79,100,0,0
2019-12-17 13:40:00-05:00,1.79,1.79,1.79,1.79,100,0,0
2019-12-17 13:42:00-05:00,1.79,1.795,1.79,1.795,2000,0,0
2019-12-17 13:51:00-05:00,1.79,1.79,1.79,1.79,100,0,0
2019-12-17 13:59:00-05:00,1.795,1.8,1.795,1.8,500,0,0
2019-12-17 14:08:00-05:00,1.795,1.795,1.795,1.795,209,0,0
2019-12-17 14:12:00-05:00,1.795,1.795,1.795,1.795,211,0,0
2019-12-17 14:19:00-05:00,1.79,1.79,1.79,1.79,100,0,0
2019-12-17 14:25:00-05:00,1.79,1.79,1.79,1.79,1300,0,0
2019-12-17 14:31:00-05:00,1.795,1.795,1.795,1.795,100,0,0
2019-12-17 14:47:00-05:00,1.79,1.79,1.79,1.79,100,0,0
2019-12-17 14:54:00-05:00,1.79,1.79,1.79,1.79,200,0,0
2019-12-17 14:55:00-05:00,1.79,1.79,1.79,1.79,100,0,0
2019-12-17 14:56:00-05:00,1.79,1.795,1.79,1.795,3000,0,0
2019-12-17 14:58:00-05:00,1.795,1.795,1.795,1.795,500,0,0
2019-12-17 15:03:00-05:00,1.79,1.79,1.79,1.79,100,0,0
2019-12-17 15:05:00-05:00,1.79,1.79,1.79,1.79,2713,0,0
2019-12-17 15:06:00-05:00,1.79,1.79,1.79,1.79,200,0,0
2019-12-17 15:11:00-05:00,1.78,1.78,1.78,1.78,100,0,0
2019-12-17 15:18:00-05:00,1.78,1.78,1.78,1.78,100,0,0
2019-12-17 15:22:00-05:00,1.78,1.78,1.78,1.78,20400,0,0
2019-12-17 15:24:00-05:00,1.78,1.78,1.78,1.78,1000,0,0
2019-12-17 15:28:00-05:00,1.785,1.79,1.785,1.79,5050,0,0
2019-12-17 15:37:00-05:00,1.78,1.78,1.78,1.78,100,0,0
2019-12-17 15:41:00-05:00,1.785,1.785,1.785,1.785,100,0,0
2019-12-17 15:49:00-05:00,1.785,1.785,1.785,1.785,100,0,0
2019-12-17 15:52:00-05:00,1.785,1.785,1.785,1.785,100,0,0
2019-12-17 15:54:00-05:00,1.785,1.785,1.785,1.785,100,0,0
2019-12-17 15:56:00-05:00,1.785,1.785,1.785,1.785,100,0,0
2019-12-17 15:58:00-05:00,1.785,1.785,1.785,1.785,108,0,0
2019-12-17 15:59:00-05:00,1.78,1.79,1.78,1.79,300,0,0
2019-12-18 09:30:00-05:00,1.77,1.77,1.77,1.77,0,0,0
2019-12-18 09:31:00-05:00,1.775,1.79,1.775,1.78,11100,0,0
2019-12-18 09:32:00-05:00,1.78,1.79,1.78,1.79,300,0,0
2019-12-18 09:33:00-05:00,1.78,1.78,1.78,1.78,100,0,0
2019-12-18 09:35:00-05:00,1.785,1.79,1.785,1.79,3800,0,0
2019-12-18 09:36:00-05:00,1.79,1.8,1.79,1.8,1000,0,0
2019-12-18 09:39:00-05:00,1.79,1.79,1.78,1.78,202000,0,0
2019-12-18 09:42:00-05:00,1.78,1.78,1.78,1.78,100,0,0
2019-12-18 09:45:00-05:00,1.78,1.78,1.78,1.78,105,0,0
2019-12-18 09:49:00-05:00,1.78,1.78,1.78,1.78,100,0,0
2019-12-18 09:52:00-05:00,1.78,1.78,1.78,1.78,6500,0,0
2019-12-18 09:53:00-05:00,1.77,1.77,1.76,1.76,82018,0,0
2019-12-18 09:56:00-05:00,1.765,1.765,1.765,1.765,100,0,0
2019-12-18 09:59:00-05:00,1.77,1.77,1.77,1.77,100,0,0
2019-12-18 10:00:00-05:00,1.765,1.765,1.765,1.765,100,0,0
2019-12-18 10:04:00-05:00,1.765,1.765,1.765,1.765,100,0,0
2019-12-18 10:07:00-05:00,1.77,1.77,1.77,1.77,100,0,0
2019-12-18 10:09:00-05:00,1.765,1.765,1.765,1.765,100,0,0
2019-12-18 10:15:00-05:00,1.765,1.77,1.765,1.77,200,0,0
2019-12-18 10:19:00-05:00,1.77,1.77,1.77,1.77,400,0,0
2019-12-18 10:20:00-05:00,1.77,1.77,1.77,1.77,1500,0,0
2019-12-18 10:25:00-05:00,1.77,1.77,1.77,1.77,1000,0,0
2019-12-18 10:27:00-05:00,1.765,1.765,1.765,1.765,100,0,0
2019-12-18 10:28:00-05:00,1.77,1.77,1.77,1.77,1000,0,0
2019-12-18 10:31:00-05:00,1.765,1.765,1.765,1.765,100,0,0
2019-12-18 10:32:00-05:00,1.77,1.77,1.77,1.77,2500,0,0
2019-12-18 10:35:00-05:00,1.77,1.77,1.77,1.77,100,0,0
2019-12-18 10:41:00-05:00,1.765,1.765,1.765,1.765,100,0,0
2019-12-18 10:46:00-05:00,1.765,1.77,1.765,1.77,12100,0,0
2019-12-18 10:49:00-05:00,1.78,1.78,1.78,1.78,5000,0,0
2019-12-18 10:51:00-05:00,1.77,1.77,1.765,1.77,6000,0,0
2019-12-18 11:06:00-05:00,1.765,1.765,1.765,1.765,190,0,0
2019-12-18 11:18:00-05:00,1.765,1.765,1.765,1.765,100,0,0
2019-12-18 11:20:00-05:00,1.76,1.76,1.76,1.76,100,0,0
2019-12-18 11:22:00-05:00,1.765,1.765,1.765,1.765,100,0,0
2019-12-18 11:29:00-05:00,1.765,1.765,1.765,1.765,100,0,0
2019-12-18 11:52:00-05:00,1.77,1.77,1.77,1.77,4100,0,0
2019-12-18 12:03:00-05:00,1.765,1.77,1.765,1.77,119,0,0
2019-12-18 12:04:00-05:00,1.765,1.77,1.765,1.77,276,0,0
2019-12-18 12:12:00-05:00,1.76,1.76,1.76,1.76,100,0,0
2019-12-18 12:32:00-05:00,1.765,1.765,1.765,1.765,120,0,0
2019-12-18 12:42:00-05:00,1.765,1.765,1.765,1.765,100,0,0
2019-12-18 12:49:00-05:00,1.765,1.77,1.765,1.77,200,0,0
2019-12-18 12:50:00-05:00,1.76,1.76,1.76,1.76,35500,0,0
2019-12-18 12:52:00-05:00,1.76,1.76,1.76,1.76,1900,0,0
2019-12-18 12:57:00-05:00,1.76,1.76,1.76,1.76,100,0,0
2019-12-18 12:58:00-05:00,1.765,1.765,1.765,1.765,100,0,0
2019-12-18 12:59:00-05:00,1.765,1.765,1.765,1.765,100,0,0
2019-12-18 13:00:00-05:00,1.765,1.765,1.765,1.765,100,0,0
2019-12-18 13:01:00-05:00,1.765,1.765,1.765,1.765,100,0,0
2019-12-18 13:03:00-05:00,1.765,1.765,1.765,1.765,100,0,0
2019-12-18 13:04:00-05:00,1.77,1.77,1.77,1.77,100,0,0
2019-12-18 13:05:00-05:00,1.76,1.76,1.76,1.76,151,0,0
2019-12-18 13:14:00-05:00,1.76,1.76,1.76,1.76,100,0,0
2019-12-18 13:21:00-05:00,1.77,1.77,1.77,1.77,3100,0,0
2019-12-18 13:38:00-05:00,1.765,1.765,1.765,1.765,200,0,0
2019-12-18 13:41:00-05:00,1.77,1.77,1.77,1.77,100,0,0
2019-12-18 13:48:00-05:00,1.765,1.765,1.765,1.765,100,0,0
2019-12-18 13:51:00-05:00,1.77,1.77,1.77,1.77,100,0,0
2019-12-18 13:53:00-05:00,1.77,1.77,1.77,1.77,100,0,0
2019-12-18 13:54:00-05:00,1.77,1.77,1.77,1.77,100,0,0
2019-12-18 13:55:00-05:00,1.77,1.77,1.77,1.77,600,0,0
2019-12-18 13:58:00-05:00,1.765,1.77,1.765,1.77,200,0,0
2019-12-18 14:14:00-05:00,1.765,1.765,1.765,1.765,100,0,0
2019-12-18 14:20:00-05:00,1.765,1.765,1.765,1.765,100,0,0
2019-12-18 14:24:00-05:00,1.76,1.76,1.76,1.76,100,0,0
2019-12-18 14:29:00-05:00,1.765,1.77,1.765,1.77,400,0,0
2019-12-18 14:30:00-05:00,1.77,1.77,1.77,1.77,800,0,0
2019-12-18 14:31:00-05:00,1.77,1.77,1.77,1.77,300,0,0
2019-12-18 14:35:00-05:00,1.77,1.77,1.77,1.77,100,0,0
2019-12-18 14:36:00-05:00,1.76,1.76,1.76,1.76,100,0,0
2019-12-18 14:38:00-05:00,1.77,1.77,1.77,1.77,300,0,0
2019-12-18 14:40:00-05:00,1.765,1.765,1.765,1.765,100,0,0
2019-12-18 14:41:00-05:00,1.77,1.77,1.77,1.77,100,0,0
2019-12-18 14:43:00-05:00,1.765,1.765,1.765,1.765,400,0,0
2019-12-18 14:45:00-05:00,1.765,1.765,1.765,1.765,100,0,0
2019-12-18 14:49:00-05:00,1.765,1.765,1.765,1.765,300,0,0
2019-12-18 14:50:00-05:00,1.765,1.765,1.765,1.765,100,0,0
2019-12-18 14:51:00-05:00,1.77,1.77,1.77,1.77,100,0,0
2019-12-18 14:55:00-05:00,1.765,1.765,1.765,1.765,300,0,0
2019-12-18 14:58:00-05:00,1.765,1.765,1.765,1.765,100,0,0
2019-12-18 15:01:00-05:00,1.77,1.77,1.77,1.77,500,0,0
2019-12-18 15:03:00-05:00,1.765,1.765,1.765,1.765,600,0,0
2019-12-18 15:04:00-05:00,1.77,1.77,1.77,1.77,1500,0,0
2019-12-18 15:05:00-05:00,1.76,1.77,1.76,1.76,10000,0,0
2019-12-18 15:06:00-05:00,1.765,1.77,1.76,1.77,12000,0,0
2019-12-18 15:09:00-05:00,1.77,1.77,1.765,1.77,2600,0,0
2019-12-18 15:11:00-05:00,1.76,1.76,1.76,1.76,100,0,0
2019-12-18 15:12:00-05:00,1.76,1.76,1.76,1.76,20000,0,0
2019-12-18 15:13:00-05:00,1.765,1.77,1.76,1.76,700,0,0
2019-12-18 15:15:00-05:00,1.76,1.76,1.76,1.76,100,0,0
2019-12-18 15:17:00-05:00,1.76,1.76,1.76,1.76,100,0,0
2019-12-18 15:19:00-05:00,1.765,1.77,1.765,1.77,600,0,0
2019-12-18 15:20:00-05:00,1.76,1.77,1.76,1.77,200,0,0
2019-12-18 15:22:00-05:00,1.76,1.76,1.76,1.76,100,0,0
2019-12-18 15:23:00-05:00,1.765,1.765,1.765,1.765,100,0,0
2019-12-18 15:25:00-05:00,1.76,1.77,1.76,1.77,200,0,0
2019-12-18 15:28:00-05:00,1.76,1.76,1.76,1.76,100,0,0
2019-12-18 15:30:00-05:00,1.765,1.765,1.765,1.765,100,0,0
2019-12-18 15:33:00-05:00,1.76,1.76,1.76,1.76,100,0,0
2019-12-18 15:35:00-05:00,1.765,1.77,1.765,1.77,1300,0,0
2019-12-18 15:37:00-05:00,1.765,1.765,1.765,1.765,100,0,0
2019-12-18 15:40:00-05:00,1.76,1.76,1.76,1.76,600,0,0
2019-12-18 15:43:00-05:00,1.76,1.76,1.76,1.76,500,0,0
2019-12-18 15:46:00-05:00,1.76,1.76,1.76,1.76,100,0,0
2019-12-18 15:47:00-05:00,1.765,1.77,1.765,1.77,1400,0,0
2019-12-18 15:48:00-05:00,1.765,1.765,1.765,1.765,100,0,0
2019-12-18 15:49:00-05:00,1.76,1.76,1.76,1.76,100,0,0
2019-12-18 15:50:00-05:00,1.76,1.76,1.76,1.76,1200,0,0
2019-12-18 15:52:00-05:00,1.76,1.76,1.76,1.76,100,0,0
2019-12-18 15:55:00-05:00,1.76,1.76,1.76,1.76,1847,0,0
2019-12-18 15:56:00-05:00,1.76,1.76,1.76,1.76,2000,0,0
2019-12-18 15:57:00-05:00,1.76,1.76,1.76,1.76,2200,0,0
2019-12-18 15:58:00-05:00,1.76,1.76,1.76,1.76,1500,0,0
2019-12-18 15:59:00-05:00,1.76,1.76,1.76,1.76,5777,0,0
2019-12-19 09:30:00-05:00,1.76,1.77,1.76,1.77,0,0,0
2019-12-19 09:38:00-05:00,1.76,1.76,1.76,1.76,2500,0,0
2019-12-19 09:40:00-05:00,1.77,1.77,1.77,1.77,5544,0,0
2019-12-19 09:51:00-05:00,1.78,1.78,1.78,1.78,932,0,0
2019-12-19 09:57:00-05:00,1.78,1.78,1.78,1.78,3900,0,0
2019-12-19 10:00:00-05:00,1.78,1.78,1.78,1.78,3100,0,0
2019-12-19 10:09:00-05:00,1.77,1.77,1.77,1.77,200,0,0
2019-12-19 10:13:00-05:00,1.77,1.77,1.77,1.77,100,0,0
2019-12-19 10:19:00-05:00,1.775,1.775,1.775,1.775,100,0,0
2019-12-19 10:21:00-05:00,1.77,1.77,1.77,1.77,100,0,0
2019-12-19 10:24:00-05:00,1.77,1.77,1.77,1.77,1872,0,0
2019-12-19 10:28:00-05:00,1.76,1.76,1.76,1.76,100,0,0
2019-12-19 10:32:00-05:00,1.76,1.76,1.76,1.76,100,0,0
2019-12-19 10:48:00-05:00,1.76,1.76,1.76,1.76,1900,0,0
2019-12-19 10:52:00-05:00,1.76,1.76,1.76,1.76,100,0,0
2019-12-19 11:15:00-05:00,1.77,1.77,1.77,1.77,9400,0,0
2019-12-19 11:17:00-05:00,1.78,1.78,1.78,1.78,100,0,0
2019-12-19 11:19:00-05:00,1.77,1.77,1.76,1.76,32610,0,0
2019-12-19 11:21:00-05:00,1.76,1.76,1.76,1.76,6000,0,0
2019-12-19 11:28:00-05:00,1.76,1.77,1.76,1.76,5100,0,0
2019-12-19 11:33:00-05:00,1.76,1.76,1.76,1.76,100,0,0
2019-12-19 11:34:00-05:00,1.76,1.76,1.76,1.76,2600,0,0
2019-12-19 11:39:00-05:00,1.76,1.76,1.76,1.76,1000,0,0
2019-12-19 11:46:00-05:00,1.76,1.76,1.76,1.76,1200,0,0
2019-12-19 11:47:00-05:00,1.76,1.76,1.76,1.76,200,0,0
2019-12-19 11:52:00-05:00,1.75,1.75,1.75,1.75,21500,0,0
2019-12-19 11:53:00-05:00,1.75,1.75,1.75,1.75,700,0,0
2019-12-19 12:05:00-05:00,1.75,1.75,1.75,1.75,200,0,0
2019-12-19 12:08:00-05:00,1.75,1.75,1.75,1.75,3100,0,0
2019-12-19 12:12:00-05:00,1.75,1.75,1.75,1.75,500,0,0
2019-12-19 12:16:00-05:00,1.75,1.75,1.75,1.75,100,0,0
2019-12-19 12:28:00-05:00,1.75,1.75,1.75,1.75,100,0,0
2019-12-19 13:12:00-05:00,1.74,1.74,1.74,1.74,100,0,0
2019-12-19 13:20:00-05:00,1.75,1.75,1.75,1.75,2000,0,0
2019-12-19 13:22:00-05:00,1.75,1.75,1.75,1.75,51300,0,0
2019-12-19 13:23:00-05:00,1.75,1.75,1.745,1.75,10400,0,0
2019-12-19 13:27:00-05:00,1.74,1.74,1.74,1.74,10900,0,0
2019-12-19 13:38:00-05:00,1.75,1.75,1.75,1.75,3900,0,0
2019-12-19 13:40:00-05:00,1.75,1.75,1.75,1.75,2000,0,0
2019-12-19 13:44:00-05:00,1.75,1.75,1.75,1.75,39200,0,0
2019-12-19 13:46:00-05:00,1.75,1.75,1.75,1.75,7600,0,0
2019-12-19 13:49:00-05:00,1.75,1.75,1.75,1.75,10700,0,0
2019-12-19 13:50:00-05:00,1.75,1.75,1.75,1.75,1000,0,0
2019-12-19 13:53:00-05:00,1.75,1.75,1.75,1.75,700,0,0
2019-12-19 13:59:00-05:00,1.76,1.76,1.76,1.76,100,0,0
2019-12-19 14:10:00-05:00,1.76,1.76,1.76,1.76,900,0,0
2019-12-19 14:12:00-05:00,1.77,1.77,1.77,1.77,6000,0,0
2019-12-19 14:14:00-05:00,1.77,1.77,1.77,1.77,100,0,0
2019-12-19 14:22:00-05:00,1.76,1.76,1.76,1.76,100,0,0
2019-12-19 14:30:00-05:00,1.76,1.76,1.76,1.76,100,0,0
2019-12-19 14:37:00-05:00,1.76,1.76,1.76,1.76,8300,0,0
2019-12-19 14:39:00-05:00,1.75,1.75,1.75,1.75,100,0,0
2019-12-19 14:52:00-05:00,1.755,1.76,1.755,1.76,250,0,0
2019-12-19 14:58:00-05:00,1.75,1.75,1.75,1.75,100,0,0
2019-12-19 15:03:00-05:00,1.75,1.75,1.75,1.75,600,0,0
2019-12-19 15:08:00-05:00,1.755,1.76,1.755,1.76,600,0,0
2019-12-19 15:14:00-05:00,1.75,1.75,1.74,1.74,26700,0,0
2019-12-19 15:15:00-05:00,1.74,1.74,1.74,1.74,400,0,0
2019-12-19 15:16:00-05:00,1.74,1.74,1.74,1.74,500,0,0
2019-12-19 15:17:00-05:00,1.74,1.74,1.74,1.74,300,0,0
2019-12-19 15:23:00-05:00,1.74,1.74,1.74,1.74,200,0,0
2019-12-19 15:28:00-05:00,1.74,1.74,1.74,1.74,100,0,0
2019-12-19 15:29:00-05:00,1.74,1.74,1.74,1.74,100,0,0
2019-12-19 15:30:00-05:00,1.74,1.74,1.74,1.74,400,0,0
2019-12-19 15:31:00-05:00,1.74,1.745,1.74,1.745,2600,0,0
2019-12-19 15:34:00-05:00,1.74,1.74,1.74,1.74,100,0,0
2019-12-19 15:40:00-05:00,1.74,1.74,1.74,1.74,100,0,0
2019-12-19 15:44:00-05:00,1.74,1.74,1.74,1.74,100,0,0
2019-12-19 15:45:00-05:00,1.74,1.75,1.74,1.75,400,0,0
2019-12-19 15:49:00-05:00,1.745,1.75,1.74,1.74,400,0,0
2019-12-19 15:52:00-05:00,1.74,1.75,1.74,1.75,700,0,0
2019-12-19 15:56:00-05:00,1.74,1.75,1.74,1.75,400,0,0
2019-12-19 15:57:00-05:00,1.74,1.74,1.74,1.74,100,0,0
2019-12-19 15:58:00-05:00,1.74,1.74,1.74,1.74,100,0,0
2019-12-19 15:59:00-05:00,1.745,1.75,1.74,1.75,1154,0,0
2019-12-20 09:30:00-05:00,1.74,1.76,1.74,1.76,0,0,0
2019-12-20 09:32:00-05:00,1.76,1.76,1.75,1.76,400,0,0
2019-12-20 09:34:00-05:00,1.75,1.75,1.75,1.75,200,0,0
2019-12-20 09:35:00-05:00,1.76,1.76,1.76,1.76,266,0,0
2019-12-20 09:37:00-05:00,1.76,1.76,1.76,1.76,700,0,0
2019-12-20 09:39:00-05:00,1.75,1.75,1.75,1.75,8192,0,0
2019-12-20 09:40:00-05:00,1.74,1.74,1.74,1.74,900,0,0
2019-12-20 09:43:00-05:00,1.73,1.73,1.73,1.73,100,0,0
2019-12-20 09:48:00-05:00,1.73,1.73,1.73,1.73,100,0,0
2019-12-20 09:51:00-05:00,1.735,1.74,1.735,1.74,1600,0,0
2019-12-20 10:00:00-05:00,1.74,1.74,1.74,1.74,100,0,0
2019-12-20 10:01:00-05:00,1.74,1.745,1.74,1.74,400,0,0
2019-12-20 10:05:00-05:00,1.74,1.74,1.74,1.74,100,0,0
2019-12-20 10:11:00-05:00,1.74,1.74,1.74,1.74,100,0,0
2019-12-20 10:15:00-05:00,1.745,1.745,1.74,1.74,1200,0,0
2019-12-20 10:18:00-05:00,1.745,1.75,1.735,1.735,800,0,0
2019-12-20 10:22:00-05:00,1.735,1.735,1.735,1.735,100,0,0
2019-12-20 10:24:00-05:00,1.735,1.735,1.735,1.735,100,0,0
2019-12-20 10:28:00-05:00,1.735,1.735,1.73,1.73,200,0,0
2019-12-20 10:34:00-05:00,1.735,1.735,1.735,1.735,100,0,0
2019-12-20 10:35:00-05:00,1.73,1.73,1.73,1.73,100,0,0
2019-12-20 10:39:00-05:00,1.735,1.735,1.735,1.735,100,0,0
2019-12-20 10:40:00-05:00,1.735,1.735,1.735,1.735,100,0,0
2019-12-20 10:45:00-05:00,1.735,1.735,1.735,1.735,100,0,0
2019-12-20 10:50:00-05:00,1.735,1.735,1.735,1.735,200,0,0
2019-12-20 10:51:00-05:00,1.735,1.735,1.735,1.735,100,0,0
2019-12-20 10:54:00-05:00,1.735,1.74,1.735,1.74,3000,0,0
2019-12-20 10:55:00-05:00,1.735,1.735,1.735,1.735,100,0,0
2019-12-20 10:56:00-05:00,1.735,1.735,1.735,1.735,100,0,0
2019-12-20 10:57:00-05:00,1.735,1.735,1.735,1.735,100,0,0
2019-12-20 11:01:00-05:00,1.735,1.74,1.735,1.74,200,0,0
2019-12-20 11:02:00-05:00,1.735,1.735,1.735,1.735,100,0,0
2019-12-20 11:04:00-05:00,1.735,1.74,1.735,1.74,21200,0,0
2019-12-20 11:06:00-05:00,1.745,1.745,1.745,1.745,100,0,0
2019-12-20 11:08:00-05:00,1.745,1.75,1.745,1.75,11800,0,0
2019-12-20 11:11:00-05:00,1.755,1.755,1.755,1.755,100,0,0
2019-12-20 11:19:00-05:00,1.75,1.75,1.75,1.75,1200,0,0
2019-12-20 11:25:00-05:00,1.745,1.745,1.745,1.745,100,0,0
2019-12-20 11:26:00-05:00,1.74,1.74,1.74,1.74,100,0,0
2019-12-20 11:29:00-05:00,1.745,1.745,1.745,1.745,100,0,0
2019-12-20 11:34:00-05:00,1.74,1.745,1.74,1.745,200,0,0
2019-12-20 11:36:00-05:00,1.745,1.75,1.745,1.75,200,0,0
2019-12-20 11:39:00-05:00,1.745,1.745,1.745,1.745,100,0,0
2019-12-20 11:40:00-05:00,1.745,1.745,1.745,1.745,200,0,0
2019-12-20 11:45:00-05:00,1.745,1.745,1.745,1.745,100,0,0
2019-12-20 11:50:00-05:00,1.745,1.745,1.745,1.745,100,0,0
2019-12-20 11:54:00-05:00,1.745,1.745,1.745,1.745,100,0,0
2019-12-20 11:56:00-05:00,1.745,1.745,1.745,1.745,100,0,0
2019-12-20 11:59:00-05:00,1.745,1.745,1.745,1.745,214,0,0
2019-12-20 12:01:00-05:00,1.745,1.75,1.745,1.75,200,0,0
2019-12-20 12:08:00-05:00,1.745,1.745,1.745,1.745,100,0,0
2019-12-20 12:09:00-05:00,1.74,1.74,1.74,1.74,100,0,0
2019-12-20 12:15:00-05:00,1.74,1.74,1.74,1.74,800,0,0
2019-12-20 12:16:00-05:00,1.745,1.745,1.745,1.745,200,0,0
2019-12-20 12:19:00-05:00,1.74,1.74,1.74,1.74,800,0,0
2019-12-20 12:27:00-05:00,1.74,1.74,1.74,1.74,1800,0,0
2019-12-20 12:28:00-05:00,1.74,1.74,1.74,1.74,100,0,0
2019-12-20 12:34:00-05:00,1.74,1.74,1.74,1.74,1800,0,0
2019-12-20 12:36:00-05:00,1.74,1.74,1.74,1.74,100,0,0
2019-12-20 12:38:00-05:00,1.74,1.74,1.74,1.74,100,0,0
2019-12-20 12:48:00-05:00,1.74,1.74,1.74,1.74,100,0,0
2019-12-20 12:50:00-05:00,1.745,1.745,1.745,1.745,100,0,0
2019-12-20 12:54:00-05:00,1.745,1.745,1.745,1.745,100,0,0
2019-12-20 12:58:00-05:00,1.74,1.74,1.74,1.74,100,0,0
2019-12-20 13:01:00-05:00,1.74,1.74,1.74,1.74,4200,0,0
2019-12-20 13:03:00-05:00,1.74,1.74,1.74,1.74,900,0,0
2019-12-20 13:04:00-05:00,1.74,1.74,1.74,1.74,200,0,0
2019-12-20 13:07:00-05:00,1.745,1.75,1.745,1.75,4800,0,0
2019-12-20 13:17:00-05:00,1.74,1.74,1.74,1.74,100,0,0
2019-12-20 13:23:00-05:00,1.74,1.74,1.74,1.74,300,0,0
2019-12-20 13:26:00-05:00,1.74,1.745,1.74,1.745,300,0,0
2019-12-20 13:29:00-05:00,1.745,1.745,1.745,1.745,100,0,0
2019-12-20 13:36:00-05:00,1.74,1.74,1.74,1.74,100,0,0
2019-12-20 13:37:00-05:00,1.74,1.74,1.74,1.74,800,0,0
2019-12-20 13:46:00-05:00,1.74,1.74,1.74,1.74,110,0,0
2019-12-20 13:47:00-05:00,1.745,1.745,1.745,1.745,200,0,0
2019-12-20 13:49:00-05:00,1.745,1.745,1.745,1.745,600,0,0
2019-12-20 13:50:00-05:00,1.745,1.745,1.745,1.745,500,0,0
2019-12-20 13:51:00-05:00,1.745,1.745,1.745,1.745,500,0,0
2019-12-20 13:52:00-05:00,1.745,1.745,1.745,1.745,300,0,0
2019-12-20 13:54:00-05:00,1.74,1.74,1.74,1.74,287,0,0
2019-12-20 13:57:00-05:00,1.745,1.745,1.745,1.745,200,0,0
2019-12-20 14:03:00-05:00,1.745,1.745,1.745,1.745,600,0,0
2019-12-20 14:05:00-05:00,1.745,1.745,1.745,1.745,1000,0,0
2019-12-20 14:07:00-05:00,1.745,1.745,1.745,1.745,500,0,0
2019-12-20 14:10:00-05:00,1.745,1.745,1.745,1.745,500,0,0
2019-12-20 14:12:00-05:00,1.745,1.745,1.745,1.745,100,0,0
2019-12-20 14:13:00-05:00,1.745,1.745,1.745,1.745,100,0,0
2019-12-20 14:18:00-05:00,1.74,1.74,1.74,1.74,1000,0,0
2019-12-20 14:20:00-05:00,1.745,1.745,1.745,1.745,400,0,0
2019-12-20 14:25:00-05:00,1.745,1.745,1.745,1.745,100,0,0
2019-12-20 14:39:00-05:00,1.74,1.74,1.74,1.74,100,0,0
2019-12-20 14:41:00-05:00,1.745,1.745,1.745,1.745,700,0,0
2019-12-20 14:44:00-05:00,1.745,1.745,1.745,1.745,100,0,0
2019-12-20 14:46:00-05:00,1.745,1.745,1.745,1.745,100,0,0
2019-12-20 14:49:00-05:00,1.745,1.745,1.745,1.745,200,0,0
2019-12-20 14:51:00-05:00,1.745,1.745,1.745,1.745,100,0,0
2019-12-20 14:52:00-05:00,1.75,1.75,1.75,1.75,1200,0,0
2019-12-20 14:55:00-05:00,1.745,1.745,1.745,1.745,400,0,0
2019-12-20 14:58:00-05:00,1.745,1.745,1.745,1.745,100,0,0
2019-12-20 14:59:00-05:00,1.75,1.75,1.745,1.745,800,0,0
2019-12-20 15:01:00-05:00,1.745,1.745,1.745,1.745,100,0,0
2019-12-20 15:03:00-05:00,1.745,1.745,1.745,1.745,100,0,0
2019-12-20 15:15:00-05:00,1.745,1.745,1.745,1.745,200,0,0
2019-12-20 15:16:00-05:00,1.745,1.745,1.745,1.745,100,0,0
2019-12-20 15:18:00-05:00,1.745,1.745,1.745,1.745,200,0,0
2019-12-20 15:28:00-05:00,1.74,1.74,1.74,1.74,100,0,0
2019-12-20 15:32:00-05:00,1.74,1.74,1.74,1.74,100,0,0
2019-12-20 15:36:00-05:00,1.74,1.74,1.74,1.74,100,0,0
2019-12-20 15:39:00-05:00,1.74,1.74,1.74,1.74,330,0,0
2019-12-20 15:40:00-05:00,1.74,1.74,1.73,1.73,41730,0,0
2019-12-20 15:41:00-05:00,1.73,1.73,1.71,1.71,51700,0,0
2019-12-20 15:42:00-05:00,1.72,1.73,1.72,1.72,3500,0,0
2019-12-20 15:43:00-05:00,1.73,1.735,1.73,1.735,1200,0,0
2019-12-20 15:47:00-05:00,1.725,1.725,1.725,1.725,1500,0,0
2019-12-20 15:48:00-05:00,1.725,1.725,1.725,1.725,3200,0,0
2019-12-20 15:49:00-05:00,1.725,1.725,1.72,1.72,4700,0,0
2019-12-20 15:50:00-05:00,1.72,1.72,1.72,1.72,1900,0,0
2019-12-20 15:51:00-05:00,1.72,1.72,1.72,1.72,1000,0,0
2019-12-20 15:52:00-05:00,1.72,1.72,1.72,1.72,8200,0,0
2019-12-20 15:53:00-05:00,1.72,1.72,1.71,1.71,6566,0,0
2019-12-20 15:54:00-05:00,1.71,1.71,1.7,1.7,8600,0,0
2019-12-20 15:55:00-05:00,1.7,1.71,1.7,1.7,1800,0,0
2019-12-20 15:56:00-05:00,1.7,1.7,1.7,1.7,700,0,0
2019-12-20 15:57:00-05:00,1.7,1.71,1.7,1.71,17170,0,0
2019-12-20 15:58:00-05:00,1.71,1.73,1.71,1.72,23139,0,0
2019-12-20 15:59:00-05:00,1.72,1.73,1.72,1.73,9192,0,0
2019-12-23 09:30:00-05:00,1.74,1.75,1.74,1.745,0,0,0
2019-12-23 09:34:00-05:00,1.75,1.75,1.75,1.75,12100,0,0
2019-12-23 09:35:00-05:00,1.76,1.76,1.76,1.76,300,0,0
2019-12-23 09:36:00-05:00,1.77,1.77,1.77,1.77,1600,0,0
2019-12-23 09:40:00-05:00,1.77,1.77,1.77,1.77,100,0,0
2019-12-23 09:41:00-05:00,1.78,1.79,1.78,1.78,10300,0,0
2019-12-23 09:43:00-05:00,1.78,1.78,1.78,1.78,200,0,0
2019-12-23 09:45:00-05:00,1.78,1.78,1.78,1.78,1600,0,0
2019-12-23 09:47:00-05:00,1.78,1.78,1.78,1.78,100,0,0
2019-12-23 09:49:00-05:00,1.78,1.78,1.78,1.78,1200,0,0
2019-12-23 09:51:00-05:00,1.79,1.79,1.79,1.79,9961,0,0
2019-12-23 09:58:00-05:00,1.79,1.79,1.79,1.79,200,0,0
2019-12-23 10:02:00-05:00,1.79,1.79,1.79,1.79,850,0,0
2019-12-23 10:03:00-05:00,1.79,1.81,1.79,1.81,15500,0,0
2019-12-23 10:05:00-05:00,1.805,1.805,1.805,1.805,300,0,0
2019-12-23 10:06:00-05:00,1.805,1.805,1.805,1.805,100,0,0
2019-12-23 10:07:00-05:00,1.805,1.805,1.805,1.805,4300,0,0
2019-12-23 10:08:00-05:00,1.81,1.81,1.81,1.81,2400,0,0
2019-12-23 10:13:00-05:00,1.8,1.8,1.8,1.8,300,0,0
2019-12-23 10:14:00-05:00,1.8,1.8,1.78,1.78,2800,0,0
2019-12-23 10:16:00-05:00,1.79,1.79,1.79,1.79,1100,0,0
2019-12-23 10:17:00-05:00,1.8,1.8,1.8,1.8,200,0,0
2019-12-23 10:19:00-05:00,1.79,1.79,1.79,1.79,2300,0,0
2019-12-23 10:22:00-05:00,1.795,1.795,1.795,1.795,3200,0,0
2019-12-23 10:23:00-05:00,1.8,1.8,1.8,1.8,100,0,0
2019-12-23 10:28:00-05:00,1.79,1.79,1.79,1.79,5000,0,0
2019-12-23 10:35:00-05:00,1.79,1.79,1.79,1.79,500,0,0
2019-12-23 10:36:00-05:00,1.79,1.79,1.79,1.79,1600,0,0
2019-12-23 10:38:00-05:00,1.79,1.79,1.79,1.79,800,0,0
2019-12-23 10:41:00-05:00,1.8,1.8,1.8,1.8,100,0,0
2019-12-23 10:43:00-05:00,1.795,1.8,1.795,1.8,400,0,0
2019-12-23 10:47:00-05:00,1.795,1.8,1.795,1.8,12569,0,0
2019-12-23 10:49:00-05:00,1.795,1.81,1.795,1.81,8800,0,0
2019-12-23 10:51:00-05:00,1.8,1.8,1.8,1.8,2500,0,0
2019-12-23 10:52:00-05:00,1.8,1.8,1.8,1.8,0,0,0
2019-12-23 11:02:00-05:00,1.8,1.8,1.8,1.8,175180,0,0
2019-12-23 11:08:00-05:00,1.8,1.8,1.8,1.8,5500,0,0
2019-12-23 11:18:00-05:00,1.79,1.79,1.79,1.79,0,0,0
2019-12-23 11:26:00-05:00,1.79,1.79,1.79,1.79,181580,0,0
2019-12-23 11:30:00-05:00,1.79,1.79,1.79,1.79,100,0,0
2019-12-23 11:31:00-05:00,1.79,1.79,1.79,1.79,14200,0,0
2019-12-23 11:34:00-05:00,1.79,1.79,1.79,1.79,2007,0,0
2019-12-23 11:35:00-05:00,1.79,1.79,1.79,1.79,100,0,0
2019-12-23 11:36:00-05:00,1.79,1.79,1.79,1.79,1600,0,0
2019-12-23 11:37:00-05:00,1.79,1.79,1.79,1.79,100,0,0
2019-12-23 11:38:00-05:00,1.79,1.79,1.78,1.78,6400,0,0
2019-12-23 11:40:00-05:00,1.775,1.775,1.775,1.775,100,0,0
2019-12-23 11:42:00-05:00,1.775,1.775,1.775,1.775,200,0,0
2019-12-23 11:44:00-05:00,1.77,1.77,1.77,1.77,3200,0,0
2019-12-23 11:47:00-05:00,1.77,1.77,1.77,1.77,9700,0,0
2019-12-23 11:48:00-05:00,1.77,1.77,1.77,1.77,1400,0,0
2019-12-23 11:50:00-05:00,1.76,1.76,1.75,1.75,36300,0,0
2019-12-23 11:55:00-05:00,1.75,1.75,1.75,1.75,3000,0,0
2019-12-23 11:58:00-05:00,1.75,1.75,1.75,1.75,1900,0,0
2019-12-23 12:01:00-05:00,1.75,1.75,1.75,1.75,1900,0,0
2019-12-23 12:02:00-05:00,1.74,1.74,1.74,1.74,100,0,0
2019-12-23 12:04:00-05:00,1.75,1.75,1.75,1.75,2600,0,0
2019-12-23 12:05:00-05:00,1.75,1.75,1.75,1.75,700,0,0
2019-12-23 12:09:00-05:00,1.75,1.75,1.75,1.75,1820,0,0
2019-12-23 12:17:00-05:00,1.75,1.75,1.75,1.75,3900,0,0
2019-12-23 12:20:00-05:00,1.75,1.75,1.745,1.745,3544,0,0
2019-12-23 12:24:00-05:00,1.75,1.75,1.75,1.75,9800,0,0
2019-12-23 12:36:00-05:00,1.75,1.75,1.75,1.75,3603,0,0
2019-12-23 12:39:00-05:00,1.745,1.745,1.745,1.745,350,0,0
2019-12-23 12:50:00-05:00,1.745,1.745,1.745,1.745,300,0,0
2019-12-23 12:51:00-05:00,1.745,1.75,1.745,1.75,5300,0,0
2019-12-23 12:53:00-05:00,1.75,1.75,1.75,1.75,8900,0,0
2019-12-23 12:54:00-05:00,1.745,1.745,1.745,1.745,200,0,0
2019-12-23 12:56:00-05:00,1.745,1.745,1.745,1.745,200,0,0
2019-12-23 12:58:00-05:00,1.745,1.745,1.745,1.745,300,0,0
2019-12-23 13:04:00-05:00,1.75,1.75,1.75,1.75,500,0,0
2019-12-23 13:08:00-05:00,1.75,1.75,1.75,1.75,800,0,0
2019-12-23 13:19:00-05:00,1.75,1.75,1.75,1.75,2300,0,0
2019-12-23 13:36:00-05:00,1.75,1.75,1.74,1.74,14600,0,0
2019-12-23 13:40:00-05:00,1.75,1.75,1.75,1.75,17300,0,0
2019-12-23 13:51:00-05:00,1.75,1.75,1.75,1.75,2000,0,0
2019-12-23 13:52:00-05:00,1.75,1.75,1.75,1.75,2200,0,0
2019-12-23 13:53:00-05:00,1.75,1.75,1.75,1.75,1600,0,0
2019-12-23 13:54:00-05:00,1.75,1.75,1.75,1.75,200,0,0
2019-12-23 14:00:00-05:00,1.74,1.74,1.74,1.74,21524,0,0
2019-12-23 14:11:00-05:00,1.74,1.74,1.74,1.74,2900,0,0
2019-12-23 14:12:00-05:00,1.74,1.74,1.74,1.74,15000,0,0
2019-12-23 14:20:00-05:00,1.74,1.74,1.74,1.74,1200,0,0
2019-12-23 14:28:00-05:00,1.74,1.74,1.74,1.74,2900,0,0
2019-12-23 14:34:00-05:00,1.75,1.75,1.75,1.75,6900,0,0
2019-12-23 14:44:00-05:00,1.75,1.75,1.75,1.75,2200,0,0
2019-12-23 14:45:00-05:00,1.75,1.75,1.75,1.75,1100,0,0
2019-12-23 14:53:00-05:00,1.74,1.74,1.74,1.74,14600,0,0
2019-12-23 14:57:00-05:00,1.74,1.74,1.74,1.74,1800,0,0
2019-12-23 15:12:00-05:00,1.75,1.75,1.75,1.75,4400,0,0
2019-12-23 15:17:00-05:00,1.75,1.75,1.75,1.75,2000,0,0
2019-12-23 15:20:00-05:00,1.75,1.75,1.75,1.75,100,0,0
2019-12-23 15:27:00-05:00,1.75,1.75,1.75,1.75,100,0,0
2019-12-23 15:30:00-05:00,1.75,1.75,1.75,1.75,12600,0,0
2019-12-23 15:35:00-05:00,1.75,1.75,1.75,1.75,3900,0,0
2019-12-23 15:36:00-05:00,1.75,1.75,1.75,1.75,2100,0,0
2019-12-23 15:42:00-05:00,1.74,1.74,1.74,1.74,21247,0,0
2019-12-23 15:43:00-05:00,1.73,1.73,1.73,1.73,600,0,0
2019-12-23 15:47:00-05:00,1.74,1.74,1.74,1.74,5100,0,0
2019-12-23 15:48:00-05:00,1.74,1.74,1.74,1.74,1700,0,0
2019-12-23 15:50:00-05:00,1.74,1.75,1.74,1.75,3600,0,0
2019-12-23 15:54:00-05:00,1.74,1.74,1.73,1.73,23200,0,0
2019-12-23 15:58:00-05:00,1.73,1.73,1.73,1.73,3700,0,0
2019-12-23 15:59:00-05:00,1.73,1.74,1.73,1.74,2345,0,0
2019-12-24 09:30:00-05:00,1.75,1.75,1.75,1.75,0,0,0
2019-12-24 09:32:00-05:00,1.76,1.77,1.76,1.77,16200,0,0
2019-12-24 09:33:00-05:00,1.77,1.77,1.77,1.77,1200,0,0
2019-12-24 09:34:00-05:00,1.76,1.77,1.76,1.77,800,0,0
2019-12-24 09:35:00-05:00,1.77,1.77,1.77,1.77,6917,0,0
2019-12-24 09:37:00-05:00,1.77,1.77,1.77,1.77,7100,0,0
2019-12-24 09:39:00-05:00,1.77,1.77,1.77,1.77,400,0,0
2019-12-24 09:42:00-05:00,1.76,1.76,1.76,1.76,800,0,0
2019-12-24 09:45:00-05:00,1.77,1.77,1.77,1.77,2800,0,0
2019-12-24 09:51:00-05:00,1.77,1.77,1.76,1.76,7100,0,0
2019-12-24 09:53:00-05:00,1.77,1.77,1.77,1.77,400,0,0
2019-12-24 09:57:00-05:00,1.77,1.77,1.77,1.77,3400,0,0
2019-12-24 09:59:00-05:00,1.76,1.76,1.76,1.76,400,0,0
2019-12-24 10:03:00-05:00,1.77,1.77,1.77,1.77,20700,0,0
2019-12-24 10:05:00-05:00,1.78,1.78,1.78,1.78,5900,0,0
2019-12-24 10:06:00-05:00,1.78,1.78,1.78,1.78,12800,0,0
2019-12-24 10:11:00-05:00,1.78,1.78,1.78,1.78,5600,0,0
2019-12-24 10:13:00-05:00,1.78,1.78,1.78,1.78,700,0,0
2019-12-24 10:14:00-05:00,1.77,1.77,1.77,1.77,15997,0,0
2019-12-24 10:18:00-05:00,1.77,1.77,1.77,1.77,2000,0,0
2019-12-24 10:20:00-05:00,1.775,1.78,1.775,1.78,10300,0,0
2019-12-24 10:21:00-05:00,1.78,1.78,1.78,1.78,600,0,0
2019-12-24 10:24:00-05:00,1.79,1.79,1.79,1.79,100,0,0
2019-12-24 10:28:00-05:00,1.79,1.79,1.79,1.79,3100,0,0
2019-12-24 10:30:00-05:00,1.79,1.79,1.79,1.79,5200,0,0
2019-12-24 10:31:00-05:00,1.79,1.8,1.79,1.8,7900,0,0
2019-12-24 10:40:00-05:00,1.79,1.79,1.79,1.79,5000,0,0
2019-12-24 10:42:00-05:00,1.79,1.79,1.79,1.79,10000,0,0
2019-12-24 10:46:00-05:00,1.8,1.81,1.8,1.81,41000,0,0
2019-12-24 10:51:00-05:00,1.82,1.83,1.82,1.83,12200,0,0
2019-12-24 10:55:00-05:00,1.83,1.83,1.83,1.83,1400,0,0
2019-12-24 10:57:00-05:00,1.83,1.83,1.82,1.82,3100,0,0
2019-12-24 10:59:00-05:00,1.82,1.82,1.82,1.82,2300,0,0
2019-12-24 11:00:00-05:00,1.82,1.82,1.82,1.82,0,0,0
2019-12-24 11:05:00-05:00,1.83,1.83,1.83,1.83,11169,0,0
2019-12-24 11:16:00-05:00,1.83,1.83,1.83,1.83,3090,0,0
2019-12-24 11:17:00-05:00,1.83,1.83,1.83,1.83,10200,0,0
2019-12-24 11:18:00-05:00,1.83,1.84,1.825,1.84,47300,0,0
2019-12-24 11:20:00-05:00,1.845,1.85,1.845,1.85,200,0,0
2019-12-24 11:21:00-05:00,1.85,1.855,1.85,1.855,13900,0,0
2019-12-24 11:25:00-05:00,1.85,1.85,1.85,1.85,800,0,0
2019-12-24 11:28:00-05:00,1.85,1.85,1.85,1.85,800,0,0
2019-12-24 11:31:00-05:00,1.84,1.84,1.84,1.84,25700,0,0
2019-12-24 11:36:00-05:00,1.84,1.84,1.84,1.84,850,0,0
2019-12-24 11:42:00-05:00,1.84,1.84,1.84,1.84,12800,0,0
2019-12-24 11:44:00-05:00,1.84,1.84,1.84,1.84,200,0,0
2019-12-24 11:47:00-05:00,1.83,1.83,1.83,1.83,9100,0,0
2019-12-24 11:49:00-05:00,1.83,1.83,1.82,1.82,4100,0,0
2019-12-24 11:52:00-05:00,1.83,1.83,1.83,1.83,100,0,0
2019-12-24 11:54:00-05:00,1.83,1.83,1.83,1.83,200,0,0
2019-12-24 11:58:00-05:00,1.83,1.83,1.83,1.83,1500,0,0
2019-12-24 11:59:00-05:00,1.84,1.84,1.84,1.84,2500,0,0
2019-12-24 12:12:00-05:00,1.845,1.845,1.845,1.845,200,0,0
2019-12-24 12:14:00-05:00,1.84,1.84,1.84,1.84,11000,0,0
2019-12-24 12:22:00-05:00,1.85,1.85,1.85,1.85,300,0,0
2019-12-24 12:24:00-05:00,1.845,1.845,1.845,1.845,200,0,0
2019-12-24 12:26:00-05:00,1.845,1.85,1.845,1.85,5400,0,0
2019-12-24 12:34:00-05:00,1.85,1.85,1.85,1.85,5200,0,0
2019-12-24 12:35:00-05:00,1.85,1.85,1.85,1.85,1000,0,0
2019-12-24 12:37:00-05:00,1.855,1.855,1.85,1.85,24500,0,0
2019-12-24 12:38:00-05:00,1.85,1.86,1.85,1.86,17700,0,0
2019-12-24 12:48:00-05:00,1.86,1.86,1.85,1.85,4200,0,0
2019-12-24 12:49:00-05:00,1.86,1.86,1.86,1.86,100,0,0
2019-12-24 12:50:00-05:00,1.86,1.86,1.85,1.86,16200,0,0
2019-12-24 12:52:00-05:00,1.85,1.85,1.85,1.85,1000,0,0
2019-12-24 12:53:00-05:00,1.85,1.85,1.85,1.85,11800,0,0
2019-12-24 12:54:00-05:00,1.84,1.84,1.84,1.84,12500,0,0
2019-12-24 12:56:00-05:00,1.84,1.84,1.84,1.84,3800,0,0
2019-12-24 12:57:00-05:00,1.84,1.84,1.84,1.84,573,0,0
2019-12-24 12:58:00-05:00,1.845,1.85,1.845,1.85,1700,0,0
2019-12-24 12:59:00-05:00,1.85,1.85,1.85,1.85,300,0,0
2019-12-24 13:00:00-05:00,1.86,1.86,1.86,1.86,6983,0,0
2019-12-27 09:30:00-05:00,1.9,1.9,1.89,1.89,0,0,0
2019-12-27 09:31:00-05:00,1.9,1.9,1.9,1.9,2800,0,0
2019-12-27 09:32:00-05:00,1.9,1.9,1.9,1.9,100,0,0
2019-12-27 09:33:00-05:00,1.9,1.9,1.9,1.9,200,0,0
2019-12-27 09:34:00-05:00,1.91,1.91,1.91,1.91,2950,0,0
2019-12-27 09:35:00-05:00,1.91,1.91,1.91,1.91,1500,0,0
2019-12-27 09:37:00-05:00,1.9,1.91,1.9,1.91,1800,0,0
2019-12-27 09:40:00-05:00,1.9,1.9,1.9,1.9,2300,0,0
2019-12-27 09:41:00-05:00,1.9,1.9,1.9,1.9,1000,0,0
2019-12-27 09:43:00-05:00,1.9,1.9,1.9,1.9,1900,0,0
2019-12-27 09:47:00-05:00,1.905,1.91,1.9,1.9,14675,0,0
2019-12-27 09:48:00-05:00,1.9,1.9,1.9,1.9,100,0,0
2019-12-27 09:49:00-05:00,1.9,1.9,1.895,1.895,1300,0,0
2019-12-27 09:50:00-05:00,1.895,1.9,1.895,1.9,5900,0,0
2019-12-27 09:51:00-05:00,1.89,1.89,1.89,1.89,5300,0,0
2019-12-27 09:53:00-05:00,1.88,1.89,1.88,1.88,2388,0,0
2019-12-27 09:57:00-05:00,1.89,1.89,1.89,1.89,200,0,0
2019-12-27 09:58:00-05:00,1.89,1.89,1.89,1.89,2800,0,0
2019-12-27 10:01:00-05:00,1.89,1.89,1.89,1.89,1300,0,0
2019-12-27 10:02:00-05:00,1.89,1.89,1.89,1.89,1200,0,0
2019-12-27 10:04:00-05:00,1.89,1.89,1.89,1.89,1000,0,0
2019-12-27 10:11:00-05:00,1.89,1.89,1.89,1.89,1400,0,0
2019-12-27 10:12:00-05:00,1.89,1.89,1.88,1.89,11600,0,0
2019-12-27 10:13:00-05:00,1.9,1.9,1.9,1.9,5400,0,0
2019-12-27 10:15:00-05:00,1.9,1.9,1.9,1.9,3100,0,0
2019-12-27 10:23:00-05:00,1.91,1.91,1.91,1.91,6300,0,0
2019-12-27 10:26:00-05:00,1.92,1.92,1.92,1.92,3400,0,0
2019-12-27 10:29:00-05:00,1.93,1.93,1.93,1.93,5100,0,0
2019-12-27 10:31:00-05:00,1.92,1.92,1.92,1.92,2000,0,0
2019-12-27 10:34:00-05:00,1.92,1.92,1.92,1.92,1000,0,0
2019-12-27 10:35:00-05:00,1.92,1.92,1.92,1.92,7300,0,0
2019-12-27 10:36:00-05:00,1.92,1.92,1.92,1.92,1000,0,0
2019-12-27 10:38:00-05:00,1.92,1.92,1.92,1.92,17200,0,0
2019-12-27 10:40:00-05:00,1.92,1.92,1.92,1.92,54100,0,0
2019-12-27 10:43:00-05:00,1.92,1.92,1.92,1.92,400,0,0
2019-12-27 10:46:00-05:00,1.92,1.92,1.92,1.92,9100,0,0
2019-12-27 10:47:00-05:00,1.92,1.92,1.92,1.92,3000,0,0
2019-12-27 10:52:00-05:00,1.92,1.92,1.92,1.92,24300,0,0
2019-12-27 10:54:00-05:00,1.92,1.92,1.92,1.92,21100,0,0
2019-12-27 10:57:00-05:00,1.92,1.92,1.92,1.92,300,0,0
2019-12-27 10:58:00-05:00,1.91,1.91,1.91,1.91,11300,0,0
2019-12-27 10:59:00-05:00,1.9,1.9,1.9,1.9,7200,0,0
2019-12-27 11:00:00-05:00,1.9,1.9,1.9,1.9,4500,0,0
2019-12-27 11:01:00-05:00,1.9,1.9,1.9,1.9,4700,0,0
2019-12-27 11:03:00-05:00,1.91,1.91,1.91,1.91,900,0,0
2019-12-27 11:08:00-05:00,1.91,1.91,1.91,1.91,8200,0,0
2019-12-27 11:10:00-05:00,1.91,1.91,1.91,1.91,1500,0,0
2019-12-27 11:14:00-05:00,1.92,1.92,1.92,1.92,8200,0,0
2019-12-27 11:16:00-05:00,1.91,1.91,1.91,1.91,19800,0,0
2019-12-27 11:21:00-05:00,1.91,1.91,1.91,1.91,6400,0,0
2019-12-27 11:25:00-05:00,1.92,1.92,1.91,1.91,95700,0,0
2019-12-27 11:29:00-05:00,1.91,1.91,1.91,1.91,4620,0,0
2019-12-27 11:30:00-05:00,1.91,1.91,1.91,1.91,1200,0,0
2019-12-27 11:33:00-05:00,1.91,1.91,1.91,1.91,100,0,0
2019-12-27 11:36:00-05:00,1.91,1.91,1.91,1.91,600,0,0
2019-12-27 11:37:00-05:00,1.91,1.91,1.91,1.91,2800,0,0
2019-12-27 11:38:00-05:00,1.91,1.91,1.91,1.91,2000,0,0
2019-12-27 11:40:00-05:00,1.91,1.91,1.91,1.91,4600,0,0
2019-12-27 11:41:00-05:00,1.92,1.93,1.91,1.91,31485,0,0
2019-12-27 11:43:00-05:00,1.9,1.9,1.9,1.9,9200,0,0
2019-12-27 11:48:00-05:00,1.9,1.9,1.9,1.9,100,0,0
2019-12-27 11:50:00-05:00,1.9,1.9,1.9,1.9,300,0,0
2019-12-27 11:54:00-05:00,1.9,1.9,1.9,1.9,200,0,0
2019-12-27 11:56:00-05:00,1.9,1.9,1.9,1.9,100,0,0
2019-12-27 11:58:00-05:00,1.9,1.9,1.9,1.9,2000,0,0
2019-12-27 12:06:00-05:00,1.9,1.9,1.9,1.9,200,0,0
2019-12-27 12:07:00-05:00,1.9,1.91,1.9,1.91,15750,0,0
2019-12-27 12:14:00-05:00,1.9,1.9,1.9,1.9,300,0,0
2019-12-27 12:18:00-05:00,1.9,1.9,1.9,1.9,400,0,0
2019-12-27 12:21:00-05:00,1.905,1.905,1.905,1.905,500,0,0
2019-12-27 12:25:00-05:00,1.9,1.9,1.9,1.9,15000,0,0
2019-12-27 12:27:00-05:00,1.89,1.89,1.89,1.89,100,0,0
2019-12-27 12:28:00-05:00,1.89,1.89,1.89,1.89,100,0,0
2019-12-27 12:29:00-05:00,1.89,1.89,1.89,1.89,100,0,0
2019-12-27 12:30:00-05:00,1.89,1.89,1.89,1.89,200,0,0
2019-12-27 12:31:00-05:00,1.89,1.89,1.89,1.89,200,0,0
2019-12-27 12:32:00-05:00,1.89,1.89,1.89,1.89,200,0,0
2019-12-27 12:33:00-05:00,1.89,1.89,1.89,1.89,200,0,0
2019-12-27 12:34:00-05:00,1.89,1.89,1.89,1.89,200,0,0
2019-12-27 12:35:00-05:00,1.89,1.89,1.89,1.89,200,0,0
2019-12-27 12:36:00-05:00,1.89,1.89,1.89,1.89,200,0,0
2019-12-27 12:37:00-05:00,1.89,1.89,1.89,1.89,200,0,0
2019-12-27 12:38:00-05:00,1.89,1.89,1.89,1.89,1300,0,0
2019-12-27 12:39:00-05:00,1.89,1.89,1.89,1.89,200,0,0
2019-12-27 12:40:00-05:00,1.89,1.89,1.89,1.89,200,0,0
2019-12-27 12:41:00-05:00,1.89,1.89,1.89,1.89,100,0,0
2019-12-27 12:42:00-05:00,1.89,1.89,1.89,1.89,200,0,0
2019-12-27 12:43:00-05:00,1.89,1.89,1.89,1.89,200,0,0
2019-12-27 12:44:00-05:00,1.89,1.89,1.89,1.89,100,0,0
2019-12-27 12:45:00-05:00,1.89,1.89,1.89,1.89,200,0,0
2019-12-27 12:46:00-05:00,1.89,1.89,1.89,1.89,100,0,0
2019-12-27 12:47:00-05:00,1.89,1.89,1.89,1.89,200,0,0
2019-12-27 12:48:00-05:00,1.89,1.89,1.89,1.89,200,0,0
2019-12-27 12:49:00-05:00,1.89,1.89,1.89,1.89,100,0,0
2019-12-27 12:50:00-05:00,1.89,1.89,1.89,1.89,200,0,0
2019-12-27 12:51:00-05:00,1.89,1.89,1.89,1.89,1400,0,0
2019-12-27 12:52:00-05:00,1.89,1.89,1.89,1.89,200,0,0
2019-12-27 12:53:00-05:00,1.89,1.89,1.89,1.89,100,0,0
2019-12-27 12:54:00-05:00,1.89,1.89,1.89,1.89,200,0,0
2019-12-27 12:55:00-05:00,1.89,1.89,1.89,1.89,200,0,0
2019-12-27 12:56:00-05:00,1.89,1.89,1.89,1.89,200,0,0
2019-12-27 12:57:00-05:00,1.89,1.89,1.89,1.89,100,0,0
2019-12-27 12:58:00-05:00,1.89,1.89,1.89,1.89,200,0,0
2019-12-27 12:59:00-05:00,1.89,1.89,1.89,1.89,200,0,0
2019-12-27 13:00:00-05:00,1.89,1.89,1.89,1.89,200,0,0
2019-12-27 13:03:00-05:00,1.89,1.89,1.89,1.89,100,0,0
2019-12-27 13:04:00-05:00,1.89,1.89,1.89,1.89,100,0,0
2019-12-27 13:05:00-05:00,1.9,1.9,1.89,1.89,1450,0,0
2019-12-27 13:06:00-05:00,1.89,1.89,1.89,1.89,200,0,0
2019-12-27 13:07:00-05:00,1.9,1.9,1.9,1.9,1500,0,0
2019-12-27 13:10:00-05:00,1.9,1.9,1.9,1.9,600,0,0
2019-12-27 13:13:00-05:00,1.9,1.9,1.9,1.9,2000,0,0
2019-12-27 13:14:00-05:00,1.9,1.9,1.9,1.9,100,0,0
2019-12-27 13:16:00-05:00,1.9,1.9,1.9,1.9,100,0,0
2019-12-27 13:17:00-05:00,1.89,1.89,1.88,1.88,14000,0,0
2019-12-27 13:19:00-05:00,1.88,1.88,1.88,1.88,7600,0,0
2019-12-27 13:22:00-05:00,1.87,1.87,1.87,1.87,300,0,0
2019-12-27 13:26:00-05:00,1.87,1.87,1.87,1.87,200,0,0
2019-12-27 13:30:00-05:00,1.87,1.87,1.87,1.87,200,0,0
2019-12-27 13:33:00-05:00,1.87,1.87,1.87,1.87,1200,0,0
2019-12-27 13:37:00-05:00,1.87,1.87,1.87,1.87,200,0,0
2019-12-27 13:40:00-05:00,1.88,1.88,1.88,1.88,1000,0,0
2019-12-27 13:41:00-05:00,1.87,1.88,1.87,1.88,1200,0,0
2019-12-27 13:44:00-05:00,1.87,1.87,1.87,1.87,200,0,0
2019-12-27 13:46:00-05:00,1.875,1.875,1.875,1.875,500,0,0
2019-12-27 13:48:00-05:00,1.87,1.87,1.87,1.87,200,0,0
2019-12-27 13:53:00-05:00,1.87,1.87,1.87,1.87,500,0,0
2019-12-27 13:57:00-05:00,1.87,1.87,1.87,1.87,200,0,0
2019-12-27 14:00:00-05:00,1.87,1.87,1.86,1.86,17500,0,0
2019-12-27 14:01:00-05:00,1.85,1.85,1.84,1.84,23100,0,0
2019-12-27 14:04:00-05:00,1.85,1.85,1.85,1.85,2800,0,0
2019-12-27 14:08:00-05:00,1.84,1.84,1.84,1.84,200,0,0
2019-12-27 14:11:00-05:00,1.85,1.85,1.85,1.85,2300,0,0
2019-12-27 14:12:00-05:00,1.85,1.85,1.85,1.85,300,0,0
2019-12-27 14:16:00-05:00,1.84,1.84,1.84,1.84,100,0,0
2019-12-27 14:19:00-05:00,1.84,1.84,1.84,1.84,100,0,0
2019-12-27 14:22:00-05:00,1.84,1.84,1.84,1.84,100,0,0
2019-12-27 14:25:00-05:00,1.85,1.85,1.84,1.84,26500,0,0
2019-12-27 14:28:00-05:00,1.84,1.84,1.84,1.84,4600,0,0
2019-12-27 14:33:00-05:00,1.85,1.85,1.85,1.85,100,0,0
2019-12-27 14:36:00-05:00,1.85,1.85,1.85,1.85,200,0,0
2019-12-27 14:37:00-05:00,1.85,1.85,1.85,1.85,1800,0,0
2019-12-27 14:39:00-05:00,1.86,1.86,1.86,1.86,100,0,0
2019-12-27 14:53:00-05:00,1.86,1.86,1.86,1.86,2100,0,0
2019-12-27 15:01:00-05:00,1.86,1.86,1.86,1.86,1100,0,0
2019-12-27 15:08:00-05:00,1.86,1.86,1.86,1.86,10000,0,0
2019-12-27 15:22:00-05:00,1.85,1.85,1.85,1.85,1000,0,0
2019-12-27 15:42:00-05:00,1.86,1.86,1.86,1.86,100,0,0
2019-12-27 15:45:00-05:00,1.86,1.86,1.86,1.86,100,0,0
2019-12-27 15:46:00-05:00,1.86,1.86,1.86,1.86,100,0,0
2019-12-27 15:50:00-05:00,1.86,1.86,1.86,1.86,100,0,0
2019-12-27 15:56:00-05:00,1.86,1.86,1.86,1.86,100,0,0
2019-12-27 15:58:00-05:00,1.85,1.85,1.85,1.85,2000,0,0
2019-12-27 15:59:00-05:00,1.85,1.86,1.85,1.86,4872,0,0
2019-12-30 09:30:00-05:00,1.87,1.9,1.87,1.88,0,0,0
2019-12-30 09:32:00-05:00,1.89,1.89,1.88,1.88,700,0,0
2019-12-30 09:35:00-05:00,1.89,1.89,1.88,1.88,300,0,0
2019-12-30 09:36:00-05:00,1.88,1.88,1.88,1.88,1500,0,0
2019-12-30 09:37:00-05:00,1.89,1.89,1.88,1.89,1100,0,0
2019-12-30 09:40:00-05:00,1.9,1.9,1.9,1.9,7600,0,0
2019-12-30 09:41:00-05:00,1.9,1.9,1.9,1.9,4300,0,0
2019-12-30 09:42:00-05:00,1.9,1.9,1.9,1.9,4300,0,0
2019-12-30 09:43:00-05:00,1.9,1.9,1.9,1.9,2400,0,0
2019-12-30 09:44:00-05:00,1.9,1.9,1.9,1.9,400,0,0
2019-12-30 09:45:00-05:00,1.9,1.9,1.89,1.89,21100,0,0
2019-12-30 09:48:00-05:00,1.9,1.9,1.9,1.9,196700,0,0
2019-12-30 09:49:00-05:00,1.9,1.9,1.9,1.9,3700,0,0
2019-12-30 09:52:00-05:00,1.9,1.92,1.9,1.92,20650,0,0
2019-12-30 09:54:00-05:00,1.92,1.92,1.92,1.92,1500,0,0
2019-12-30 09:56:00-05:00,1.92,1.92,1.92,1.92,400,0,0
2019-12-30 09:57:00-05:00,1.93,1.93,1.93,1.93,13000,0,0
2019-12-30 09:58:00-05:00,1.93,1.93,1.93,1.93,3400,0,0
2019-12-30 09:59:00-05:00,1.93,1.93,1.93,1.93,100,0,0
2019-12-30 10:00:00-05:00,1.93,1.93,1.93,1.93,3900,0,0
2019-12-30 10:02:00-05:00,1.93,1.93,1.92,1.92,1600,0,0
2019-12-30 10:03:00-05:00,1.93,1.93,1.925,1.925,2400,0,0
2019-12-30 10:05:00-05:00,1.93,1.93,1.925,1.93,2100,0,0
2019-12-30 10:06:00-05:00,1.925,1.93,1.925,1.93,3590,0,0
2019-12-30 10:07:00-05:00,1.93,1.93,1.93,1.93,1800,0,0
2019-12-30 10:08:00-05:00,1.93,1.93,1.93,1.93,19700,0,0
2019-12-30 10:09:00-05:00,1.93,1.93,1.925,1.925,3200,0,0
2019-12-30 10:14:00-05:00,1.93,1.93,1.93,1.93,100,0,0
2019-12-30 10:16:00-05:00,1.93,1.93,1.93,1.93,7300,0,0
2019-12-30 10:18:00-05:00,1.93,1.93,1.93,1.93,3300,0,0
2019-12-30 10:20:00-05:00,1.92,1.92,1.92,1.92,1300,0,0
2019-12-30 10:22:00-05:00,1.93,1.93,1.93,1.93,1800,0,0
2019-12-30 10:24:00-05:00,1.925,1.93,1.925,1.93,7200,0,0
2019-12-30 10:25:00-05:00,1.925,1.93,1.925,1.93,1100,0,0
2019-12-30 10:27:00-05:00,1.93,1.93,1.93,1.93,900,0,0
2019-12-30 10:28:00-05:00,1.93,1.93,1.93,1.93,9400,0,0
2019-12-30 10:29:00-05:00,1.935,1.935,1.935,1.935,100,0,0
2019-12-30 10:30:00-05:00,1.935,1.935,1.935,1.935,100,0,0
2019-12-30 10:34:00-05:00,1.93,1.94,1.93,1.94,300,0,0
2019-12-30 10:36:00-05:00,1.94,1.94,1.94,1.94,10300,0,0
2019-12-30 10:37:00-05:00,1.95,1.95,1.95,1.95,100,0,0
2019-12-30 10:38:00-05:00,1.95,1.95,1.95,1.95,100,0,0
2019-12-30 10:42:00-05:00,1.95,1.95,1.945,1.945,500,0,0
2019-12-30 10:43:00-05:00,1.95,1.95,1.95,1.95,100,0,0
2019-12-30 10:44:00-05:00,1.945,1.95,1.945,1.95,1500,0,0
2019-12-30 10:46:00-05:00,1.95,1.95,1.95,1.95,300,0,0
2019-12-30 10:47:00-05:00,1.95,1.95,1.95,1.95,100,0,0
2019-12-30 10:57:00-05:00,1.93,1.93,1.93,1.93,18200,0,0
2019-12-30 11:05:00-05:00,1.93,1.93,1.93,1.93,15000,0,0
2019-12-30 11:06:00-05:00,1.935,1.935,1.93,1.93,2715,0,0
2019-12-30 11:13:00-05:00,1.93,1.93,1.93,1.93,9000,0,0
2019-12-30 11:25:00-05:00,1.93,1.93,1.93,1.93,100,0,0
2019-12-30 11:26:00-05:00,1.93,1.93,1.93,1.93,100,0,0
2019-12-30 11:30:00-05:00,1.93,1.93,1.93,1.93,3600,0,0
2019-12-30 11:32:00-05:00,1.93,1.93,1.93,1.93,100,0,0
2019-12-30 11:34:00-05:00,1.93,1.93,1.93,1.93,100,0,0
2019-12-30 11:36:00-05:00,1.93,1.93,1.93,1.93,15100,0,0
2019-12-30 11:56:00-05:00,1.94,1.94,1.94,1.94,206,0,0
2019-12-30 11:57:00-05:00,1.94,1.94,1.94,1.94,100,0,0
2019-12-30 12:01:00-05:00,1.94,1.94,1.94,1.94,200,0,0
2019-12-30 12:02:00-05:00,1.94,1.94,1.94,1.94,200,0,0
2019-12-30 12:03:00-05:00,1.94,1.94,1.94,1.94,150,0,0
2019-12-30 12:23:00-05:00,1.94,1.94,1.94,1.94,2900,0,0
2019-12-30 12:25:00-05:00,1.94,1.94,1.94,1.94,200,0,0
2019-12-30 12:41:00-05:00,1.94,1.94,1.94,1.94,2400,0,0
2019-12-30 12:52:00-05:00,1.93,1.93,1.93,1.93,11400,0,0
2019-12-30 12:57:00-05:00,1.93,1.93,1.93,1.93,2010,0,0
2019-12-30 13:02:00-05:00,1.94,1.94,1.94,1.94,500,0,0
2019-12-30 13:29:00-05:00,1.94,1.94,1.94,1.94,540,0,0
2019-12-30 13:38:00-05:00,1.94,1.94,1.94,1.94,100,0,0
2019-12-30 13:39:00-05:00,1.94,1.94,1.94,1.94,100,0,0
2019-12-30 13:46:00-05:00,1.94,1.94,1.94,1.94,200,0,0
2019-12-30 13:50:00-05:00,1.93,1.93,1.93,1.93,100,0,0
2019-12-30 13:51:00-05:00,1.935,1.935,1.935,1.935,100,0,0
2019-12-30 13:52:00-05:00,1.93,1.93,1.93,1.93,400,0,0
2019-12-30 13:54:00-05:00,1.935,1.935,1.935,1.935,100,0,0
2019-12-30 13:55:00-05:00,1.93,1.93,1.93,1.93,600,0,0
2019-12-30 13:56:00-05:00,1.93,1.94,1.93,1.94,500,0,0
2019-12-30 13:58:00-05:00,1.93,1.93,1.93,1.93,600,0,0
2019-12-30 14:01:00-05:00,1.93,1.93,1.93,1.93,100,0,0
2019-12-30 14:02:00-05:00,1.93,1.93,1.93,1.93,800,0,0
2019-12-30 14:03:00-05:00,1.93,1.93,1.93,1.93,2000,0,0
2019-12-30 14:04:00-05:00,1.93,1.93,1.93,1.93,2300,0,0
2019-12-30 14:05:00-05:00,1.93,1.93,1.93,1.93,4400,0,0
2019-12-30 14:06:00-05:00,1.93,1.93,1.93,1.93,5200,0,0
2019-12-30 14:09:00-05:00,1.92,1.92,1.92,1.92,3500,0,0
2019-12-30 14:21:00-05:00,1.925,1.925,1.925,1.925,500,0,0
2019-12-30 14:23:00-05:00,1.925,1.925,1.925,1.925,500,0,0
2019-12-30 14:30:00-05:00,1.92,1.92,1.92,1.92,1800,0,0
2019-12-30 14:31:00-05:00,1.92,1.92,1.92,1.92,300,0,0
2019-12-30 14:32:00-05:00,1.92,1.92,1.92,1.92,21800,0,0
2019-12-30 14:33:00-05:00,1.92,1.92,1.92,1.92,100,0,0
2019-12-30 14:35:00-05:00,1.91,1.915,1.905,1.91,5500,0,0
2019-12-30 14:36:00-05:00,1.91,1.91,1.91,1.91,5200,0,0
2019-12-30 14:42:00-05:00,1.91,1.91,1.91,1.91,800,0,0
2019-12-30 14:43:00-05:00,1.91,1.91,1.91,1.91,1300,0,0
2019-12-30 14:51:00-05:00,1.91,1.91,1.91,1.91,6100,0,0
2019-12-30 14:55:00-05:00,1.92,1.92,1.92,1.92,13500,0,0
2019-12-30 14:56:00-05:00,1.92,1.92,1.92,1.92,3900,0,0
2019-12-30 14:59:00-05:00,1.92,1.92,1.92,1.92,200,0,0
2019-12-30 15:04:00-05:00,1.92,1.92,1.92,1.92,3300,0,0
2019-12-30 15:07:00-05:00,1.92,1.92,1.92,1.92,600,0,0
2019-12-30 15:13:00-05:00,1.91,1.91,1.91,1.91,3100,0,0
2019-12-30 15:14:00-05:00,1.91,1.91,1.91,1.91,7400,0,0
2019-12-30 15:15:00-05:00,1.91,1.91,1.91,1.91,8100,0,0
2019-12-30 15:33:00-05:00,1.92,1.92,1.92,1.92,100,0,0
2019-12-30 15:39:00-05:00,1.92,1.92,1.92,1.92,200,0,0
2019-12-30 15:40:00-05:00,1.91,1.92,1.91,1.92,500,0,0
2019-12-30 15:41:00-05:00,1.92,1.92,1.92,1.92,100,0,0
2019-12-30 15:42:00-05:00,1.915,1.915,1.915,1.915,500,0,0
2019-12-30 15:43:00-05:00,1.92,1.92,1.915,1.915,600,0,0
2019-12-30 15:44:00-05:00,1.92,1.92,1.91,1.91,11900,0,0
2019-12-30 15:45:00-05:00,1.92,1.92,1.92,1.92,3600,0,0
2019-12-30 15:46:00-05:00,1.92,1.92,1.92,1.92,200,0,0
2019-12-30 15:49:00-05:00,1.93,1.93,1.93,1.93,100,0,0
2019-12-30 15:50:00-05:00,1.93,1.93,1.93,1.93,100,0,0
2019-12-30 15:52:00-05:00,1.92,1.92,1.92,1.92,4100,0,0
2019-12-30 15:55:00-05:00,1.92,1.92,1.92,1.92,200,0,0
2019-12-30 15:56:00-05:00,1.92,1.92,1.92,1.92,200,0,0
2019-12-30 15:57:00-05:00,1.92,1.92,1.91,1.91,400,0,0
2019-12-30 15:58:00-05:00,1.92,1.92,1.91,1.91,1100,0,0
2019-12-30 15:59:00-05:00,1.91,1.915,1.91,1.91,13450,0,0
2019-12-31 09:30:00-05:00,1.95,1.95,1.93,1.94,0,0,0
2019-12-31 09:32:00-05:00,1.94,1.94,1.94,1.94,100,0,0
2019-12-31 09:34:00-05:00,1.93,1.93,1.93,1.93,1000,0,0
2019-12-31 09:35:00-05:00,1.93,1.93,1.92,1.92,5200,0,0
2019-12-31 09:37:00-05:00,1.92,1.92,1.92,1.92,6600,0,0
2019-12-31 09:38:00-05:00,1.92,1.92,1.92,1.92,2400,0,0
2019-12-31 09:39:00-05:00,1.92,1.92,1.9,1.9,51200,0,0
2019-12-31 09:40:00-05:00,1.9,1.9,1.9,1.9,7800,0,0
2019-12-31 09:41:00-05:00,1.9,1.9,1.9,1.9,5000,0,0
2019-12-31 09:43:00-05:00,1.9,1.9,1.9,1.9,400,0,0
2019-12-31 09:46:00-05:00,1.9,1.9,1.9,1.9,500,0,0
2019-12-31 09:47:00-05:00,1.9,1.9,1.9,1.9,10029,0,0
2019-12-31 09:48:00-05:00,1.9,1.9,1.9,1.9,4150,0,0
2019-12-31 09:51:00-05:00,1.9,1.9,1.9,1.9,200,0,0
2019-12-31 09:53:00-05:00,1.9,1.9,1.9,1.9,3900,0,0
2019-12-31 09:57:00-05:00,1.89,1.89,1.89,1.89,100,0,0
2019-12-31 10:03:00-05:00,1.9,1.9,1.9,1.9,500,0,0
2019-12-31 10:04:00-05:00,1.9,1.91,1.9,1.91,8201,0,0
2019-12-31 10:06:00-05:00,1.92,1.92,1.92,1.92,600,0,0
2019-12-31 10:13:00-05:00,1.92,1.92,1.92,1.92,400,0,0
2019-12-31 10:14:00-05:00,1.92,1.92,1.92,1.92,400,0,0
2019-12-31 10:22:00-05:00,1.925,1.925,1.925,1.925,2500,0,0
2019-12-31 10:28:00-05:00,1.93,1.93,1.93,1.93,300,0,0
2019-12-31 10:43:00-05:00,1.93,1.93,1.93,1.93,1000,0,0
2019-12-31 10:46:00-05:00,1.94,1.94,1.94,1.94,2000,0,0
2019-12-31 10:48:00-05:00,1.93,1.93,1.93,1.93,100,0,0
2019-12-31 10:51:00-05:00,1.93,1.93,1.93,1.93,7000,0,0
2019-12-31 10:53:00-05:00,1.93,1.93,1.93,1.93,3000,0,0
2019-12-31 10:56:00-05:00,1.93,1.93,1.91,1.92,19900,0,0
2019-12-31 10:59:00-05:00,1.92,1.92,1.91,1.91,1600,0,0
2019-12-31 11:02:00-05:00,1.92,1.92,1.92,1.92,0,0,0
2019-12-31 11:04:00-05:00,1.92,1.92,1.92,1.92,300,0,0
2019-12-31 11:08:00-05:00,1.92,1.92,1.92,1.92,100,0,0
2019-12-31 11:16:00-05:00,1.92,1.92,1.92,1.92,100,0,0
2019-12-31 11:24:00-05:00,1.92,1.92,1.92,1.92,2060,0,0
2019-12-31 11:27:00-05:00,1.92,1.92,1.92,1.92,100,0,0
2019-12-31 11:28:00-05:00,1.92,1.925,1.92,1.92,2200,0,0
2019-12-31 11:51:00-05:00,1.92,1.92,1.92,1.92,2600,0,0
2019-12-31 11:52:00-05:00,1.92,1.92,1.92,1.92,10100,0,0
2019-12-31 12:35:00-05:00,1.93,1.93,1.93,1.93,100,0,0
2019-12-31 12:39:00-05:00,1.92,1.92,1.92,1.92,1200,0,0
2019-12-31 13:04:00-05:00,1.93,1.93,1.93,1.93,3300,0,0
2019-12-31 13:05:00-05:00,1.93,1.93,1.93,1.93,1000,0,0
2019-12-31 13:06:00-05:00,1.93,1.95,1.93,1.95,16600,0,0
2019-12-31 13:11:00-05:00,1.95,1.95,1.95,1.95,5350,0,0
2019-12-31 13:13:00-05:00,1.96,1.96,1.96,1.96,225,0,0
2019-12-31 13:22:00-05:00,1.95,1.95,1.95,1.95,2600,0,0
2019-12-31 13:28:00-05:00,1.96,1.96,1.96,1.96,200,0,0
2019-12-31 13:35:00-05:00,1.95,1.95,1.95,1.95,1100,0,0
2019-12-31 13:36:00-05:00,1.95,1.95,1.95,1.95,100,0,0
2019-12-31 13:41:00-05:00,1.95,1.95,1.95,1.95,100,0,0
2019-12-31 13:42:00-05:00,1.95,1.95,1.95,1.95,708,0,0
2019-12-31 13:43:00-05:00,1.96,1.96,1.96,1.96,100,0,0
2019-12-31 13:45:00-05:00,1.95,1.95,1.95,1.95,100,0,0
2019-12-31 13:46:00-05:00,1.95,1.95,1.95,1.95,200,0,0
2019-12-31 13:47:00-05:00,1.95,1.95,1.95,1.95,200,0,0
2019-12-31 13:48:00-05:00,1.95,1.95,1.95,1.95,8464,0,0
2019-12-31 13:57:00-05:00,1.94,1.94,1.94,1.94,100,0,0
2019-12-31 14:06:00-05:00,1.945,1.945,1.945,1.945,100,0,0
2019-12-31 14:17:00-05:00,1.95,1.95,1.95,1.95,100,0,0
2019-12-31 14:18:00-05:00,1.95,1.95,1.94,1.94,300,0,0
2019-12-31 14:23:00-05:00,1.94,1.94,1.94,1.94,100,0,0
2019-12-31 14:30:00-05:00,1.95,1.95,1.95,1.95,500,0,0
2019-12-31 14:34:00-05:00,1.95,1.95,1.95,1.95,200,0,0
2019-12-31 14:35:00-05:00,1.94,1.94,1.94,1.94,100,0,0
2019-12-31 14:38:00-05:00,1.95,1.95,1.95,1.95,100,0,0
2019-12-31 14:43:00-05:00,1.94,1.94,1.94,1.94,100,0,0
2019-12-31 14:44:00-05:00,1.94,1.94,1.94,1.94,300,0,0
2019-12-31 14:46:00-05:00,1.95,1.95,1.95,1.95,500,0,0
2019-12-31 14:48:00-05:00,1.95,1.95,1.95,1.95,15900,0,0
2019-12-31 14:49:00-05:00,1.945,1.95,1.945,1.95,3100,0,0
2019-12-31 14:58:00-05:00,1.95,1.95,1.95,1.95,3400,0,0
2019-12-31 15:09:00-05:00,1.95,1.95,1.95,1.95,2900,0,0
2019-12-31 15:10:00-05:00,1.95,1.95,1.95,1.95,1800,0,0
2019-12-31 15:11:00-05:00,1.95,1.95,1.95,1.95,100,0,0
2019-12-31 15:21:00-05:00,1.95,1.95,1.95,1.95,5200,0,0
2019-12-31 15:23:00-05:00,1.95,1.95,1.95,1.95,2100,0,0
2019-12-31 15:25:00-05:00,1.95,1.95,1.95,1.95,2900,0,0
2019-12-31 15:29:00-05:00,1.96,1.96,1.95,1.95,3600,0,0
2019-12-31 15:31:00-05:00,1.95,1.95,1.95,1.95,4500,0,0
2019-12-31 15:35:00-05:00,1.95,1.95,1.95,1.95,300,0,0
2019-12-31 15:36:00-05:00,1.95,1.95,1.95,1.95,200,0,0
2019-12-31 15:39:00-05:00,1.95,1.95,1.95,1.95,300,0,0
2019-12-31 15:40:00-05:00,1.95,1.95,1.95,1.95,100,0,0
2019-12-31 15:41:00-05:00,1.95,1.95,1.95,1.95,300,0,0
2019-12-31 15:42:00-05:00,1.95,1.95,1.95,1.95,400,0,0
2019-12-31 15:43:00-05:00,1.95,1.95,1.95,1.95,300,0,0
2019-12-31 15:44:00-05:00,1.95,1.95,1.95,1.95,400,0,0
2019-12-31 15:45:00-05:00,1.95,1.95,1.95,1.95,600,0,0
2019-12-31 15:46:00-05:00,1.95,1.95,1.95,1.95,500,0,0
2019-12-31 15:47:00-05:00,1.95,1.95,1.95,1.95,500,0,0
2019-12-31 15:48:00-05:00,1.95,1.95,1.95,1.95,500,0,0
2019-12-31 15:49:00-05:00,1.95,1.95,1.95,1.95,600,0,0
2019-12-31 15:50:00-05:00,1.95,1.95,1.95,1.95,600,0,0
2019-12-31 15:51:00-05:00,1.95,1.95,1.95,1.95,8200,0,0
2019-12-31 15:53:00-05:00,1.94,1.94,1.94,1.94,100,0,0
2019-12-31 15:54:00-05:00,1.945,1.95,1.945,1.95,600,0,0
2019-12-31 15:55:00-05:00,1.95,1.95,1.945,1.95,700,0,0
2019-12-31 15:56:00-05:00,1.95,1.95,1.945,1.945,1100,0,0
2019-12-31 15:57:00-05:00,1.945,1.945,1.945,1.945,200,0,0
2019-12-31 15:58:00-05:00,1.95,1.95,1.94,1.945,900,0,0
2019-12-31 15:59:00-05:00,1.94,1.95,1.94,1.95,5220,0,0
2020-01-02 09:30:00-05:00,1.97,1.99,1.965,1.99,0,0,0
2020-01-02 09:31:00-05:00,1.99,2.03,1.99,2.03,55280,0,0
2020-01-02 09:32:00-05:00,2.03,2.04,2.025,2.04,3657,0,0
2020-01-02 09:33:00-05:00,2.035,2.035,2.03,2.03,4300,0,0
2020-01-02 09:35:00-05:00,2.03,2.03,2.03,2.03,1600,0,0
2020-01-02 09:36:00-05:00,2.035,2.035,2.03,2.03,2600,0,0
2020-01-02 09:37:00-05:00,2.035,2.035,2.03,2.03,2463,0,0
2020-01-02 09:38:00-05:00,2.025,2.025,2.02,2.02,10300,0,0
2020-01-02 09:40:00-05:00,2.015,2.015,2.015,2.015,100,0,0
2020-01-02 09:41:00-05:00,2.015,2.02,2.015,2.02,10000,0,0
2020-01-02 09:47:00-05:00,2.015,2.015,2.01,2.01,2300,0,0
2020-01-02 09:50:00-05:00,2.01,2.01,2.01,2.01,2300,0,0
2020-01-02 09:52:00-05:00,2.01,2.01,2.01,2.01,2100,0,0
2020-01-02 09:53:00-05:00,2.01,2.02,2.01,2.02,6800,0,0
2020-01-02 09:54:00-05:00,2.025,2.03,2.02,2.03,3700,0,0
2020-01-02 09:55:00-05:00,2.025,2.025,2.01,2.01,3100,0,0
2020-01-02 09:56:00-05:00,2.015,2.015,2.01,2.01,2400,0,0
2020-01-02 09:57:00-05:00,2.01,2.01,2.01,2.01,11400,0,0
2020-01-02 09:58:00-05:00,2.01,2.015,2.0,2.0,8100,0,0
2020-01-02 10:02:00-05:00,2.0,2.0,2.0,2.0,1400,0,0
2020-01-02 10:03:00-05:00,2.0,2.0,2.0,2.0,100,0,0
2020-01-02 10:04:00-05:00,2.0,2.0,2.0,2.0,3100,0,0
2020-01-02 10:05:00-05:00,2.0,2.0,2.0,2.0,4900,0,0
2020-01-02 10:06:00-05:00,2.0,2.0,2.0,2.0,10200,0,0
2020-01-02 10:08:00-05:00,2.0,2.0,2.0,2.0,100,0,0
2020-01-02 10:09:00-05:00,2.0,2.0,2.0,2.0,100,0,0
2020-01-02 10:14:00-05:00,2.0,2.01,2.0,2.0,6900,0,0
2020-01-02 10:15:00-05:00,2.01,2.02,2.01,2.02,3800,0,0
2020-01-02 10:22:00-05:00,2.02,2.03,2.02,2.03,3000,0,0
2020-01-02 10:23:00-05:00,2.02,2.02,2.02,2.02,11500,0,0
2020-01-02 10:30:00-05:00,2.03,2.03,2.03,2.03,2700,0,0
2020-01-02 10:31:00-05:00,2.035,2.035,2.035,2.035,100,0,0
2020-01-02 10:32:00-05:00,2.035,2.04,2.035,2.04,2105,0,0
2020-01-02 10:33:00-05:00,2.04,2.05,2.04,2.05,13600,0,0
2020-01-02 10:35:00-05:00,2.04,2.04,2.04,2.04,2300,0,0
2020-01-02 10:36:00-05:00,2.035,2.035,2.035,2.035,100,0,0
2020-01-02 10:43:00-05:00,2.035,2.035,2.035,2.035,100,0,0
2020-01-02 10:46:00-05:00,2.035,2.035,2.035,2.035,100,0,0
2020-01-02 10:48:00-05:00,2.04,2.045,2.04,2.04,1100,0,0
2020-01-02 10:51:00-05:00,2.05,2.05,2.05,2.05,4500,0,0
2020-01-02 10:53:00-05:00,2.05,2.05,2.05,2.05,2300,0,0
2020-01-02 10:56:00-05:00,2.045,2.05,2.045,2.05,4400,0,0
2020-01-02 11:01:00-05:00,2.045,2.045,2.045,2.045,100,0,0
2020-01-02 11:03:00-05:00,2.045,2.045,2.045,2.045,100,0,0
2020-01-02 11:04:00-05:00,2.045,2.045,2.045,2.045,200,0,0
2020-01-02 11:06:00-05:00,2.045,2.045,2.045,2.045,300,0,0
2020-01-02 11:07:00-05:00,2.045,2.045,2.045,2.045,100,0,0
2020-01-02 11:08:00-05:00,2.05,2.05,2.045,2.045,300,0,0
2020-01-02 11:09:00-05:00,2.045,2.045,2.045,2.045,300,0,0
2020-01-02 11:12:00-05:00,2.05,2.05,2.05,2.05,100,0,0
2020-01-02 11:14:00-05:00,2.05,2.05,2.04,2.04,1400,0,0
2020-01-02 11:15:00-05:00,2.045,2.045,2.045,2.045,100,0,0
2020-01-02 11:16:00-05:00,2.04,2.04,2.03,2.03,55000,0,0
2020-01-02 11:17:00-05:00,2.035,2.04,2.035,2.035,600,0,0
2020-01-02 11:23:00-05:00,2.035,2.035,2.035,2.035,100,0,0
2020-01-02 11:24:00-05:00,2.035,2.035,2.035,2.035,100,0,0
2020-01-02 11:25:00-05:00,2.035,2.035,2.035,2.035,100,0,0
2020-01-02 11:26:00-05:00,2.035,2.035,2.035,2.035,100,0,0
2020-01-02 11:27:00-05:00,2.035,2.04,2.035,2.04,50100,0,0
2020-01-02 11:30:00-05:00,2.035,2.035,2.03,2.035,12265,0,0
2020-01-02 11:35:00-05:00,2.035,2.035,2.035,2.035,100,0,0
2020-01-02 11:36:00-05:00,2.035,2.035,2.035,2.035,1200,0,0
2020-01-02 11:37:00-05:00,2.035,2.035,2.035,2.035,100,0,0
2020-01-02 11:38:00-05:00,2.035,2.035,2.035,2.035,100,0,0
2020-01-02 11:40:00-05:00,2.035,2.035,2.035,2.035,200,0,0
2020-01-02 11:43:00-05:00,2.035,2.035,2.035,2.035,100,0,0
2020-01-02 11:51:00-05:00,2.035,2.035,2.035,2.035,200,0,0
2020-01-02 11:52:00-05:00,2.035,2.035,2.035,2.035,100,0,0
2020-01-02 11:58:00-05:00,2.03,2.035,2.03,2.035,3000,0,0
2020-01-02 11:59:00-05:00,2.035,2.035,2.015,2.015,39200,0,0
2020-01-02 12:00:00-05:00,2.015,2.015,2.01,2.015,700,0,0
2020-01-02 12:01:00-05:00,2.015,2.015,2.015,2.015,100,0,0
2020-01-02 12:02:00-05:00,2.015,2.015,2.015,2.015,100,0,0
2020-01-02 12:03:00-05:00,2.015,2.015,2.015,2.015,200,0,0
2020-01-02 12:06:00-05:00,2.01,2.015,2.01,2.015,8200,0,0
2020-01-02 12:08:00-05:00,2.015,2.015,2.01,2.01,4600,0,0
2020-01-02 12:10:00-05:00,2.01,2.01,2.01,2.01,500,0,0
2020-01-02 12:12:00-05:00,2.015,2.015,2.015,2.015,100,0,0
2020-01-02 12:15:00-05:00,2.015,2.015,2.01,2.01,1200,0,0
2020-01-02 12:20:00-05:00,2.015,2.015,2.015,2.015,400,0,0
2020-01-02 12:21:00-05:00,2.01,2.015,2.01,2.01,800,0,0
2020-01-02 12:22:00-05:00,2.005,2.005,2.005,2.005,200,0,0
2020-01-02 12:23:00-05:00,2.005,2.005,2.005,2.005,100,0,0
2020-01-02 12:24:00-05:00,2.005,2.005,2.005,2.005,100,0,0
2020-01-02 12:25:00-05:00,2.0,2.0,2.0,2.0,6900,0,0
2020-01-02 12:26:00-05:00,2.005,2.005,2.005,2.005,200,0,0
2020-01-02 12:27:00-05:00,2.005,2.005,2.005,2.005,100,0,0
2020-01-02 12:28:00-05:00,2.005,2.005,2.005,2.005,100,0,0
2020-01-02 12:29:00-05:00,2.005,2.005,2.005,2.005,100,0,0
2020-01-02 12:30:00-05:00,2.005,2.005,2.005,2.005,200,0,0
2020-01-02 12:31:00-05:00,2.01,2.01,2.01,2.01,200,0,0
2020-01-02 12:33:00-05:00,2.01,2.01,2.01,2.01,1600,0,0
2020-01-02 12:38:00-05:00,2.015,2.02,2.01,2.01,2700,0,0
2020-01-02 12:41:00-05:00,2.005,2.005,2.005,2.005,200,0,0
2020-01-02 12:42:00-05:00,2.005,2.005,2.005,2.005,100,0,0
2020-01-02 12:43:00-05:00,2.005,2.005,2.005,2.005,100,0,0
2020-01-02 12:44:00-05:00,2.005,2.01,2.005,2.01,300,0,0
2020-01-02 12:47:00-05:00,2.005,2.005,2.005,2.005,100,0,0
2020-01-02 12:48:00-05:00,2.005,2.005,2.005,2.005,100,0,0
2020-01-02 12:49:00-05:00,2.005,2.005,2.005,2.005,100,0,0
2020-01-02 12:50:00-05:00,2.005,2.005,2.005,2.005,100,0,0
2020-01-02 12:51:00-05:00,2.005,2.005,2.005,2.005,100,0,0
2020-01-02 12:52:00-05:00,2.005,2.005,2.0,2.0,200,0,0
2020-01-02 12:53:00-05:00,2.005,2.005,2.005,2.005,100,0,0
2020-01-02 12:54:00-05:00,2.005,2.005,2.005,2.005,200,0,0
2020-01-02 13:00:00-05:00,2.005,2.005,2.005,2.005,100,0,0
2020-01-02 13:02:00-05:00,2.005,2.005,2.005,2.005,100,0,0
2020-01-02 13:04:00-05:00,2.005,2.005,2.0,2.0,200,0,0
2020-01-02 13:12:00-05:00,2.0,2.0,1.99,1.99,1800,0,0
2020-01-02 13:24:00-05:00,1.99,1.99,1.99,1.99,200,0,0
2020-01-02 13:25:00-05:00,1.99,1.99,1.99,1.99,700,0,0
2020-01-02 13:46:00-05:00,1.99,1.99,1.99,1.99,300,0,0
2020-01-02 13:47:00-05:00,1.99,1.99,1.99,1.99,300,0,0
2020-01-02 13:50:00-05:00,1.99,1.99,1.99,1.99,199,0,0
2020-01-02 14:00:00-05:00,1.99,1.99,1.99,1.99,100,0,0
2020-01-02 14:06:00-05:00,1.99,1.99,1.99,1.99,100,0,0
2020-01-02 14:12:00-05:00,1.99,1.99,1.99,1.99,100,0,0
2020-01-02 14:16:00-05:00,1.985,1.985,1.985,1.985,1100,0,0
2020-01-02 14:23:00-05:00,1.985,1.985,1.985,1.985,100,0,0
2020-01-02 14:24:00-05:00,1.985,1.985,1.985,1.985,900,0,0
2020-01-02 14:31:00-05:00,1.985,1.985,1.985,1.985,100,0,0
2020-01-02 14:32:00-05:00,1.985,1.985,1.985,1.985,100,0,0
2020-01-02 14:33:00-05:00,1.985,1.985,1.985,1.985,100,0,0
2020-01-02 14:35:00-05:00,1.98,1.98,1.98,1.98,4713,0,0
2020-01-02 14:38:00-05:00,1.98,1.98,1.98,1.98,400,0,0
2020-01-02 14:45:00-05:00,1.985,1.985,1.985,1.985,100,0,0
2020-01-02 14:46:00-05:00,1.985,1.985,1.985,1.985,100,0,0
2020-01-02 14:54:00-05:00,1.985,1.985,1.985,1.985,100,0,0
2020-01-02 14:57:00-05:00,1.98,1.98,1.98,1.98,500,0,0
2020-01-02 14:59:00-05:00,1.98,1.98,1.98,1.98,2500,0,0
2020-01-02 15:07:00-05:00,1.98,1.985,1.98,1.98,700,0,0
2020-01-02 15:10:00-05:00,1.985,1.985,1.985,1.985,500,0,0
2020-01-02 15:11:00-05:00,1.985,1.985,1.985,1.985,500,0,0
2020-01-02 15:12:00-05:00,1.98,1.98,1.98,1.98,100,0,0
2020-01-02 15:16:00-05:00,1.985,1.985,1.985,1.985,100,0,0
2020-01-02 15:17:00-05:00,1.98,1.985,1.98,1.985,1400,0,0
2020-01-02 15:18:00-05:00,1.985,1.985,1.985,1.985,1860,0,0
2020-01-02 15:25:00-05:00,1.98,1.98,1.98,1.98,9600,0,0
2020-01-02 15:28:00-05:00,1.98,1.98,1.98,1.98,400,0,0
2020-01-02 15:35:00-05:00,1.98,1.98,1.98,1.98,100,0,0
2020-01-02 15:39:00-05:00,1.98,1.98,1.98,1.98,19900,0,0
2020-01-02 15:40:00-05:00,1.97,1.98,1.97,1.98,3000,0,0
2020-01-02 15:44:00-05:00,1.975,1.975,1.975,1.975,100,0,0
2020-01-02 15:45:00-05:00,1.97,1.975,1.97,1.975,2200,0,0
2020-01-02 15:48:00-05:00,1.975,1.975,1.975,1.975,100,0,0
2020-01-02 15:49:00-05:00,1.97,1.97,1.97,1.97,100,0,0
2020-01-02 15:51:00-05:00,1.98,1.98,1.975,1.975,2100,0,0
2020-01-02 15:52:00-05:00,1.97,1.97,1.97,1.97,1300,0,0
2020-01-02 15:53:00-05:00,1.97,1.97,1.96,1.96,18444,0,0
2020-01-02 15:57:00-05:00,1.97,1.97,1.97,1.97,100,0,0
2020-01-02 15:58:00-05:00,1.96,1.96,1.96,1.96,100,0,0
2020-01-02 15:59:00-05:00,1.96,1.97,1.96,1.97,2226,0,0
2020-01-03 09:30:00-05:00,2.05,2.05,2.0,2.03,0,0,0
2020-01-03 09:32:00-05:00,2.03,2.03,2.03,2.03,0,0,0
2020-01-03 09:34:00-05:00,2.03,2.04,2.02,2.02,33754,0,0
2020-01-03 09:35:00-05:00,2.01,2.01,2.01,2.01,100,0,0
2020-01-03 09:36:00-05:00,2.02,2.03,2.01,2.01,3100,0,0
2020-01-03 09:39:00-05:00,2.02,2.02,2.02,2.02,295,0,0
2020-01-03 09:40:00-05:00,2.02,2.02,2.02,2.02,100,0,0
2020-01-03 09:42:00-05:00,2.01,2.01,2.01,2.01,400,0,0
2020-01-03 09:43:00-05:00,2.01,2.01,2.0,2.0,6700,0,0
2020-01-03 09:44:00-05:00,2.0,2.0,2.0,2.0,200,0,0
2020-01-03 09:45:00-05:00,2.01,2.01,2.01,2.01,100,0,0
2020-01-03 09:49:00-05:00,2.01,2.01,2.01,2.01,300,0,0
2020-01-03 09:50:00-05:00,2.02,2.02,2.02,2.02,5040,0,0
2020-01-03 09:51:00-05:00,2.02,2.02,2.02,2.02,3100,0,0
2020-01-03 09:54:00-05:00,2.02,2.02,2.02,2.02,250,0,0
2020-01-03 09:55:00-05:00,2.02,2.02,2.02,2.02,600,0,0
2020-01-03 09:57:00-05:00,2.02,2.02,2.02,2.02,400,0,0
2020-01-03 09:58:00-05:00,2.02,2.02,2.02,2.02,400,0,0
2020-01-03 10:00:00-05:00,2.02,2.03,2.02,2.03,7900,0,0
2020-01-03 10:01:00-05:00,2.02,2.02,2.02,2.02,100,0,0
2020-01-03 10:04:00-05:00,2.03,2.03,2.03,2.03,200,0,0
2020-01-03 10:05:00-05:00,2.03,2.03,2.03,2.03,13400,0,0
2020-01-03 10:09:00-05:00,2.03,2.03,2.03,2.03,2400,0,0
2020-01-03 10:12:00-05:00,2.03,2.03,2.03,2.03,100,0,0
2020-01-03 10:13:00-05:00,2.03,2.03,2.03,2.03,1800,0,0
2020-01-03 10:17:00-05:00,2.03,2.03,2.03,2.03,200,0,0
2020-01-03 10:22:00-05:00,2.03,2.03,2.03,2.03,3800,0,0
2020-01-03 10:26:00-05:00,2.03,2.03,2.03,2.03,100,0,0
2020-01-03 10:27:00-05:00,2.03,2.03,2.03,2.03,8100,0,0
2020-01-03 10:28:00-05:00,2.03,2.03,2.03,2.03,1700,0,0
2020-01-03 10:33:00-05:00,2.04,2.04,2.04,2.04,5400,0,0
2020-01-03 10:35:00-05:00,2.05,2.05,2.05,2.05,250,0,0
2020-01-03 10:36:00-05:00,2.04,2.05,2.04,2.04,2800,0,0
2020-01-03 10:40:00-05:00,2.04,2.04,2.04,2.04,6300,0,0
2020-01-03 10:45:00-05:00,2.04,2.04,2.04,2.04,3420,0,0
2020-01-03 10:46:00-05:00,2.05,2.05,2.05,2.05,1300,0,0
2020-01-03 10:52:00-05:00,2.04,2.04,2.04,2.04,600,0,0
2020-01-03 10:53:00-05:00,2.04,2.04,2.04,2.04,10900,0,0
2020-01-03 11:03:00-05:00,2.04,2.04,2.04,2.04,200,0,0
2020-01-03 11:05:00-05:00,2.04,2.04,2.04,2.04,0,0,0
2020-01-03 11:13:00-05:00,2.04,2.04,2.03,2.03,132389,0,0
2020-01-03 11:15:00-05:00,2.02,2.02,2.02,2.02,5700,0,0
2020-01-03 11:20:00-05:00,2.02,2.02,2.02,2.02,2300,0,0
2020-01-03 11:21:00-05:00,2.02,2.02,2.02,2.02,2000,0,0
2020-01-03 11:24:00-05:00,2.02,2.02,2.02,2.02,2800,0,0
2020-01-03 11:26:00-05:00,2.02,2.02,2.02,2.02,300,0,0
2020-01-03 11:29:00-05:00,2.02,2.02,2.02,2.02,3000,0,0
2020-01-03 11:30:00-05:00,2.015,2.015,2.015,2.015,100,0,0
2020-01-03 11:37:00-05:00,2.02,2.02,2.02,2.02,100,0,0
2020-01-03 11:38:00-05:00,2.02,2.02,2.02,2.02,1300,0,0
2020-01-03 11:39:00-05:00,2.02,2.02,2.02,2.02,100,0,0
2020-01-03 11:40:00-05:00,2.02,2.02,2.02,2.02,1370,0,0
2020-01-03 12:01:00-05:00,2.015,2.015,2.0,2.0,3800,0,0
2020-01-03 12:10:00-05:00,2.0,2.0,2.0,2.0,4750,0,0
2020-01-03 12:14:00-05:00,2.0,2.0,2.0,2.0,100,0,0
2020-01-03 12:23:00-05:00,2.0,2.0,2.0,2.0,200,0,0
2020-01-03 12:24:00-05:00,2.0,2.0,2.0,2.0,100,0,0
2020-01-03 12:26:00-05:00,2.0,2.0,2.0,2.0,129,0,0
2020-01-03 12:34:00-05:00,2.0,2.0,2.0,2.0,4800,0,0
2020-01-03 12:38:00-05:00,2.0,2.0,2.0,2.0,620,0,0
2020-01-03 12:39:00-05:00,2.0,2.0,2.0,2.0,100,0,0
2020-01-03 12:43:00-05:00,2.0,2.0,2.0,2.0,100,0,0
2020-01-03 12:52:00-05:00,1.995,1.995,1.99,1.99,2000,0,0
2020-01-03 12:58:00-05:00,1.99,1.99,1.99,1.99,100,0,0
2020-01-03 13:07:00-05:00,1.99,1.99,1.98,1.98,11250,0,0
2020-01-03 13:08:00-05:00,1.98,1.98,1.98,1.98,500,0,0
2020-01-03 13:09:00-05:00,1.98,1.98,1.97,1.97,500,0,0
2020-01-03 13:12:00-05:00,1.98,1.98,1.98,1.98,1300,0,0
2020-01-03 13:15:00-05:00,1.99,1.99,1.99,1.99,500,0,0
2020-01-03 13:17:00-05:00,1.99,1.99,1.98,1.99,2900,0,0
2020-01-03 13:20:00-05:00,1.99,1.99,1.99,1.99,800,0,0
2020-01-03 13:21:00-05:00,1.99,1.99,1.99,1.99,100,0,0
2020-01-03 13:25:00-05:00,1.99,1.99,1.99,1.99,300,0,0
2020-01-03 13:26:00-05:00,1.99,1.99,1.98,1.98,500,0,0
2020-01-03 13:27:00-05:00,1.98,1.99,1.98,1.99,400,0,0
2020-01-03 13:30:00-05:00,1.985,1.985,1.98,1.98,700,0,0
2020-01-03 13:33:00-05:00,1.98,1.98,1.98,1.98,400,0,0
2020-01-03 13:37:00-05:00,1.98,1.98,1.98,1.98,200,0,0
2020-01-03 13:39:00-05:00,1.98,1.98,1.97,1.98,6000,0,0
2020-01-03 13:40:00-05:00,1.975,1.975,1.975,1.975,800,0,0
2020-01-03 13:43:00-05:00,1.975,1.975,1.975,1.975,100,0,0
2020-01-03 13:45:00-05:00,1.975,1.98,1.975,1.975,1100,0,0
2020-01-03 13:46:00-05:00,1.97,1.97,1.97,1.97,3430,0,0
2020-01-03 13:48:00-05:00,1.965,1.965,1.965,1.965,700,0,0
2020-01-03 13:51:00-05:00,1.965,1.97,1.965,1.97,1000,0,0
2020-01-03 13:55:00-05:00,1.975,1.975,1.975,1.975,100,0,0
2020-01-03 14:00:00-05:00,1.97,1.97,1.97,1.97,1300,0,0
2020-01-03 14:01:00-05:00,1.97,1.97,1.97,1.97,1700,0,0
2020-01-03 14:03:00-05:00,1.965,1.965,1.965,1.965,100,0,0
2020-01-03 14:08:00-05:00,1.965,1.965,1.965,1.965,400,0,0
2020-01-03 14:11:00-05:00,1.97,1.97,1.97,1.97,300,0,0
2020-01-03 14:19:00-05:00,1.97,1.97,1.97,1.97,800,0,0
2020-01-03 14:21:00-05:00,1.97,1.97,1.97,1.97,200,0,0
2020-01-03 14:33:00-05:00,1.965,1.965,1.965,1.965,100,0,0
2020-01-03 14:38:00-05:00,1.965,1.965,1.96,1.96,1500,0,0
2020-01-03 14:42:00-05:00,1.96,1.96,1.96,1.96,19650,0,0
2020-01-03 14:45:00-05:00,1.96,1.96,1.96,1.96,300,0,0
2020-01-03 14:46:00-05:00,1.96,1.96,1.96,1.96,600,0,0
2020-01-03 14:47:00-05:00,1.96,1.96,1.96,1.96,600,0,0
2020-01-03 14:51:00-05:00,1.96,1.96,1.955,1.96,700,0,0
2020-01-03 14:52:00-05:00,1.955,1.96,1.95,1.96,7500,0,0
2020-01-03 14:55:00-05:00,1.955,1.955,1.95,1.95,600,0,0
2020-01-03 14:56:00-05:00,1.955,1.955,1.955,1.955,100,0,0
2020-01-03 15:01:00-05:00,1.96,1.97,1.96,1.97,2000,0,0
2020-01-03 15:02:00-05:00,1.96,1.965,1.96,1.965,1500,0,0
2020-01-03 15:03:00-05:00,1.97,1.97,1.97,1.97,300,0,0
2020-01-03 15:05:00-05:00,1.965,1.965,1.96,1.96,9500,0,0
2020-01-03 15:06:00-05:00,1.955,1.955,1.955,1.955,500,0,0
2020-01-03 15:08:00-05:00,1.955,1.955,1.92,1.92,21900,0,0
2020-01-03 15:09:00-05:00,1.92,1.92,1.92,1.92,13200,0,0
2020-01-03 15:10:00-05:00,1.92,1.93,1.92,1.93,17200,0,0
2020-01-03 15:11:00-05:00,1.94,1.94,1.94,1.94,2700,0,0
2020-01-03 15:12:00-05:00,1.94,1.94,1.94,1.94,800,0,0
2020-01-03 15:13:00-05:00,1.94,1.94,1.94,1.94,800,0,0
2020-01-03 15:14:00-05:00,1.94,1.94,1.94,1.94,800,0,0
2020-01-03 15:15:00-05:00,1.94,1.94,1.94,1.94,200,0,0
2020-01-03 15:16:00-05:00,1.935,1.935,1.935,1.935,100,0,0
2020-01-03 15:17:00-05:00,1.93,1.935,1.93,1.935,900,0,0
2020-01-03 15:20:00-05:00,1.94,1.95,1.94,1.95,12300,0,0
2020-01-03 15:22:00-05:00,1.95,1.95,1.95,1.95,200,0,0
2020-01-03 15:23:00-05:00,1.95,1.96,1.95,1.95,4500,0,0
2020-01-03 15:24:00-05:00,1.955,1.96,1.955,1.96,1700,0,0
2020-01-03 15:25:00-05:00,1.96,1.96,1.955,1.955,1100,0,0
2020-01-03 15:26:00-05:00,1.96,1.96,1.96,1.96,697,0,0
2020-01-03 15:36:00-05:00,1.95,1.95,1.95,1.95,5900,0,0
2020-01-03 15:37:00-05:00,1.95,1.95,1.95,1.95,100,0,0
2020-01-03 15:40:00-05:00,1.95,1.95,1.95,1.95,100,0,0
2020-01-03 15:46:00-05:00,1.945,1.945,1.945,1.945,100,0,0
2020-01-03 15:48:00-05:00,1.95,1.96,1.95,1.96,1600,0,0
2020-01-03 15:49:00-05:00,1.955,1.955,1.95,1.95,600,0,0
2020-01-03 15:54:00-05:00,1.96,1.96,1.96,1.96,200,0,0
2020-01-03 15:55:00-05:00,1.96,1.96,1.955,1.955,300,0,0
2020-01-03 15:56:00-05:00,1.955,1.955,1.955,1.955,200,0,0
2020-01-03 15:57:00-05:00,1.95,1.95,1.95,1.95,4800,0,0
2020-01-03 15:58:00-05:00,1.95,1.95,1.95,1.95,500,0,0
2020-01-03 15:59:00-05:00,1.95,1.95,1.95,1.95,303,0,0
2020-01-06 09:30:00-05:00,2.02,2.03,2.02,2.03,0,0,0
2020-01-06 09:31:00-05:00,2.03,2.03,2.02,2.02,8766,0,0
2020-01-06 09:32:00-05:00,2.01,2.01,2.0,2.0,5705,0,0
2020-01-06 09:33:00-05:00,2.01,2.01,2.0,2.0,7800,0,0
2020-01-06 09:34:00-05:00,2.01,2.01,2.01,2.01,4900,0,0
2020-01-06 09:35:00-05:00,2.01,2.01,2.01,2.01,2000,0,0
2020-01-06 09:36:00-05:00,2.01,2.01,2.01,2.01,5600,0,0
2020-01-06 09:37:00-05:00,2.0,2.0,1.97,1.97,13700,0,0
2020-01-06 09:38:00-05:00,1.98,1.99,1.98,1.99,1900,0,0
2020-01-06 09:40:00-05:00,2.0,2.0,1.99,1.99,1000,0,0
2020-01-06 09:41:00-05:00,1.99,2.0,1.99,2.0,20500,0,0
2020-01-06 09:42:00-05:00,2.01,2.01,1.99,1.99,10800,0,0
2020-01-06 09:43:00-05:00,1.99,1.995,1.99,1.995,300,0,0
2020-01-06 09:44:00-05:00,2.0,2.0,2.0,2.0,100,0,0
2020-01-06 09:46:00-05:00,2.0,2.01,2.0,2.01,5800,0,0
2020-01-06 09:47:00-05:00,2.01,2.01,2.01,2.01,100,0,0
2020-01-06 09:48:00-05:00,2.01,2.01,2.01,2.01,200,0,0
2020-01-06 09:49:00-05:00,2.01,2.01,2.01,2.01,100,0,0
2020-01-06 09:50:00-05:00,2.01,2.01,2.01,2.01,100,0,0
2020-01-06 09:51:00-05:00,2.0,2.005,2.0,2.005,700,0,0
2020-01-06 09:52:00-05:00,2.0,2.0,2.0,2.0,3100,0,0
2020-01-06 09:53:00-05:00,2.0,2.0,2.0,2.0,400,0,0
2020-01-06 09:54:00-05:00,2.005,2.005,2.005,2.005,400,0,0
2020-01-06 09:55:00-05:00,2.005,2.005,2.0,2.0,400,0,0
2020-01-06 09:56:00-05:00,2.005,2.01,2.0,2.005,700,0,0
2020-01-06 09:57:00-05:00,2.01,2.01,2.01,2.01,500,0,0
2020-01-06 09:58:00-05:00,2.005,2.01,2.0,2.01,400,0,0
2020-01-06 09:59:00-05:00,2.005,2.01,2.005,2.01,200,0,0
2020-01-06 10:01:00-05:00,2.005,2.005,2.005,2.005,200,0,0
2020-01-06 10:03:00-05:00,2.005,2.01,2.0,2.01,2400,0,0
2020-01-06 10:04:00-05:00,2.0,2.01,2.0,2.01,1000,0,0
2020-01-06 10:05:00-05:00,2.005,2.005,2.0,2.0,300,0,0
2020-01-06 10:06:00-05:00,2.005,2.005,2.005,2.005,300,0,0
2020-01-06 10:10:00-05:00,2.0,2.0,2.0,2.0,400,0,0
2020-01-06 10:11:00-05:00,2.0,2.0,2.0,2.0,900,0,0
2020-01-06 10:12:00-05:00,2.0,2.005,2.0,2.0,800,0,0
2020-01-06 10:13:00-05:00,2.005,2.005,2.005,2.005,100,0,0
2020-01-06 10:14:00-05:00,2.01,2.01,2.01,2.01,2500,0,0
2020-01-06 10:17:00-05:00,2.005,2.005,2.0,2.0,4800,0,0
2020-01-06 10:20:00-05:00,2.005,2.005,2.005,2.005,100,0,0
2020-01-06 10:21:00-05:00,2.005,2.005,2.005,2.005,100,0,0
2020-01-06 10:22:00-05:00,2.005,2.005,2.005,2.005,1200,0,0
2020-01-06 10:23:00-05:00,2.005,2.005,2.0,2.005,1000,0,0
2020-01-06 10:24:00-05:00,2.0,2.0,2.0,2.0,500,0,0
2020-01-06 10:25:00-05:00,2.0,2.005,2.0,2.0,11100,0,0
2020-01-06 10:26:00-05:00,2.0,2.005,2.0,2.0,7500,0,0
2020-01-06 10:27:00-05:00,2.0,2.0,2.0,2.0,15200,0,0
2020-01-06 10:28:00-05:00,2.0,2.0,2.0,2.0,10500,0,0
2020-01-06 10:29:00-05:00,2.0,2.0,2.0,2.0,16900,0,0
2020-01-06 10:30:00-05:00,2.0,2.0,2.0,2.0,5100,0,0
2020-01-06 10:31:00-05:00,2.0,2.0,2.0,2.0,7000,0,0
2020-01-06 10:32:00-05:00,2.0,2.0,2.0,2.0,47720,0,0
2020-01-06 10:33:00-05:00,2.0,2.0,2.0,2.0,600,0,0
2020-01-06 10:35:00-05:00,2.0,2.0,2.0,2.0,13600,0,0
2020-01-06 10:36:00-05:00,2.0,2.01,2.0,2.01,9400,0,0
2020-01-06 10:38:00-05:00,2.005,2.005,2.0,2.0,52000,0,0
2020-01-06 10:39:00-05:00,2.0,2.0,2.0,2.0,400,0,0
2020-01-06 10:41:00-05:00,2.0,2.0,1.99,1.99,45075,0,0
2020-01-06 10:42:00-05:00,1.99,1.99,1.99,1.99,1800,0,0
2020-01-06 10:43:00-05:00,1.99,1.995,1.99,1.99,4900,0,0
2020-01-06 10:44:00-05:00,1.995,1.995,1.995,1.995,200,0,0
2020-01-06 10:48:00-05:00,1.99,1.99,1.99,1.99,800,0,0
2020-01-06 10:49:00-05:00,1.99,1.99,1.99,1.99,200,0,0
2020-01-06 10:51:00-05:00,2.0,2.0,2.0,2.0,800,0,0
2020-01-06 10:55:00-05:00,1.995,1.995,1.99,1.995,3700,0,0
2020-01-06 10:57:00-05:00,2.0,2.0,2.0,2.0,800,0,0
2020-01-06 10:58:00-05:00,1.99,1.99,1.99,1.99,200,0,0
2020-01-06 11:01:00-05:00,1.995,2.0,1.99,1.99,3700,0,0
2020-01-06 11:02:00-05:00,1.995,1.995,1.995,1.995,100,0,0
2020-01-06 11:03:00-05:00,1.995,1.995,1.995,1.995,100,0,0
2020-01-06 11:04:00-05:00,2.0,2.0,1.995,1.995,600,0,0
2020-01-06 11:05:00-05:00,1.995,1.995,1.995,1.995,100,0,0
2020-01-06 11:07:00-05:00,1.995,1.995,1.995,1.995,200,0,0
2020-01-06 11:08:00-05:00,1.995,1.995,1.99,1.99,800,0,0
2020-01-06 11:09:00-05:00,1.995,1.995,1.995,1.995,900,0,0
2020-01-06 11:11:00-05:00,1.995,1.995,1.995,1.995,400,0,0
2020-01-06 11:12:00-05:00,1.995,1.995,1.995,1.995,125,0,0
2020-01-06 11:15:00-05:00,2.0,2.0,2.0,2.0,2700,0,0
2020-01-06 11:17:00-05:00,2.0,2.0,2.0,2.0,200,0,0
2020-01-06 11:18:00-05:00,2.0,2.0,2.0,2.0,500,0,0
2020-01-06 11:19:00-05:00,2.0,2.0,2.0,2.0,2000,0,0
2020-01-06 11:20:00-05:00,1.995,1.995,1.995,1.995,100,0,0
2020-01-06 11:21:00-05:00,1.995,1.995,1.995,1.995,100,0,0
2020-01-06 11:22:00-05:00,1.995,1.995,1.99,1.99,700,0,0
2020-01-06 11:23:00-05:00,1.99,1.99,1.99,1.99,3300,0,0
2020-01-06 11:25:00-05:00,1.99,1.99,1.99,1.99,400,0,0
2020-01-06 11:26:00-05:00,1.995,1.995,1.995,1.995,100,0,0
2020-01-06 11:28:00-05:00,1.995,1.995,1.995,1.995,100,0,0
2020-01-06 11:30:00-05:00,1.995,1.995,1.995,1.995,200,0,0
2020-01-06 11:32:00-05:00,2.0,2.0,2.0,2.0,800,0,0
2020-01-06 11:38:00-05:00,1.995,1.995,1.995,1.995,300,0,0
2020-01-06 11:39:00-05:00,1.99,1.995,1.99,1.995,800,0,0
2020-01-06 11:45:00-05:00,2.0,2.0,2.0,2.0,150,0,0
2020-01-06 11:49:00-05:00,1.995,1.995,1.995,1.995,100,0,0
2020-01-06 11:50:00-05:00,1.995,1.995,1.995,1.995,0,0,0
2020-01-06 11:53:00-05:00,2.0,2.0,2.0,2.0,420351,0,0
2020-01-06 11:54:00-05:00,1.995,1.995,1.995,1.995,100,0,0
2020-01-06 11:55:00-05:00,2.0,2.0,1.995,1.995,7600,0,0
2020-01-06 11:56:00-05:00,1.995,1.995,1.995,1.995,100,0,0
2020-01-06 11:57:00-05:00,2.0,2.0,2.0,2.0,50700,0,0
2020-01-06 11:58:00-05:00,2.0,2.0,2.0,2.0,100,0,0
2020-01-06 11:59:00-05:00,2.0,2.0,2.0,2.0,5400,0,0
2020-01-06 12:00:00-05:00,2.0,2.0,2.0,2.0,100,0,0
2020-01-06 12:03:00-05:00,1.995,2.0,1.995,2.0,900,0,0
2020-01-06 12:04:00-05:00,2.0,2.0,2.0,2.0,100,0,0
2020-01-06 12:06:00-05:00,2.0,2.0,2.0,2.0,200,0,0
2020-01-06 12:08:00-05:00,2.0,2.0,2.0,2.0,100,0,0
2020-01-06 12:10:00-05:00,2.0,2.0,2.0,2.0,90000,0,0
2020-01-06 12:11:00-05:00,2.0,2.0,2.0,2.0,300,0,0
2020-01-06 12:12:00-05:00,2.0,2.0,2.0,2.0,2900,0,0
2020-01-06 12:13:00-05:00,2.0,2.005,2.0,2.005,19100,0,0
2020-01-06 12:14:00-05:00,2.01,2.01,2.01,2.01,170,0,0
2020-01-06 12:17:00-05:00,2.01,2.01,2.01,2.01,300,0,0
2020-01-06 12:19:00-05:00,2.01,2.01,2.01,2.01,300,0,0
2020-01-06 12:20:00-05:00,2.005,2.005,2.005,2.005,500,0,0
2020-01-06 12:22:00-05:00,2.01,2.01,2.01,2.01,100,0,0
2020-01-06 12:23:00-05:00,2.0,2.005,2.0,2.005,7700,0,0
2020-01-06 12:24:00-05:00,2.005,2.005,2.0,2.0,5300,0,0
2020-01-06 12:25:00-05:00,2.0,2.0,2.0,2.0,200,0,0
2020-01-06 12:26:00-05:00,2.0,2.0,2.0,2.0,10100,0,0
2020-01-06 12:27:00-05:00,2.0,2.0,2.0,2.0,11900,0,0
2020-01-06 12:29:00-05:00,2.0,2.0,2.0,2.0,200,0,0
2020-01-06 12:31:00-05:00,2.01,2.01,2.01,2.01,100,0,0
2020-01-06 12:32:00-05:00,2.0,2.0,2.0,2.0,70250,0,0
2020-01-06 12:33:00-05:00,2.0,2.0,2.0,2.0,91800,0,0
2020-01-06 12:36:00-05:00,2.0,2.0,2.0,2.0,300,0,0
2020-01-06 12:40:00-05:00,2.01,2.01,2.01,2.01,2800,0,0
2020-01-06 12:42:00-05:00,2.01,2.01,2.01,2.01,100,0,0
2020-01-06 12:44:00-05:00,2.015,2.015,2.015,2.015,100,0,0
2020-01-06 12:45:00-05:00,2.015,2.015,2.015,2.015,100,0,0
2020-01-06 12:46:00-05:00,2.02,2.02,2.015,2.015,347,0,0
2020-01-06 12:47:00-05:00,2.02,2.02,2.02,2.02,200,0,0
2020-01-06 12:48:00-05:00,2.02,2.02,2.02,2.02,490,0,0
2020-01-06 12:49:00-05:00,2.02,2.02,2.02,2.02,200,0,0
2020-01-06 12:50:00-05:00,2.02,2.02,2.02,2.02,4800,0,0
2020-01-06 12:52:00-05:00,2.02,2.02,2.02,2.02,8100,0,0
2020-01-06 12:53:00-05:00,2.03,2.03,2.03,2.03,3600,0,0
2020-01-06 12:55:00-05:00,2.03,2.03,2.03,2.03,4800,0,0
2020-01-06 12:57:00-05:00,2.03,2.03,2.03,2.03,12600,0,0
2020-01-06 12:59:00-05:00,2.04,2.04,2.04,2.04,2200,0,0
2020-01-06 13:02:00-05:00,2.04,2.04,2.04,2.04,500,0,0
2020-01-06 13:04:00-05:00,2.04,2.04,2.04,2.04,100,0,0
2020-01-06 13:05:00-05:00,2.04,2.04,2.04,2.04,100,0,0
2020-01-06 13:08:00-05:00,2.04,2.04,2.04,2.04,200,0,0
2020-01-06 13:10:00-05:00,2.04,2.04,2.04,2.04,100,0,0
2020-01-06 13:11:00-05:00,2.04,2.04,2.04,2.04,100,0,0
2020-01-06 13:13:00-05:00,2.04,2.04,2.04,2.04,100,0,0
2020-01-06 13:14:00-05:00,2.05,2.05,2.04,2.04,330,0,0
2020-01-06 13:15:00-05:00,2.05,2.05,2.05,2.05,1200,0,0
2020-01-06 13:16:00-05:00,2.04,2.04,2.04,2.04,6700,0,0
2020-01-06 13:17:00-05:00,2.04,2.04,2.04,2.04,250,0,0
2020-01-06 13:18:00-05:00,2.04,2.05,2.04,2.05,3200,0,0
2020-01-06 13:19:00-05:00,2.04,2.04,2.04,2.04,2700,0,0
2020-01-06 13:21:00-05:00,2.04,2.04,2.04,2.04,3200,0,0
2020-01-06 13:22:00-05:00,2.05,2.05,2.05,2.05,100,0,0
2020-01-06 13:23:00-05:00,2.04,2.04,2.04,2.04,1100,0,0
2020-01-06 13:24:00-05:00,2.04,2.04,2.04,2.04,3500,0,0
2020-01-06 13:25:00-05:00,2.04,2.04,2.04,2.04,1600,0,0
2020-01-06 13:26:00-05:00,2.04,2.04,2.04,2.04,5100,0,0
2020-01-06 13:27:00-05:00,2.04,2.04,2.04,2.04,2100,0,0
2020-01-06 13:32:00-05:00,2.04,2.04,2.04,2.04,6500,0,0
2020-01-06 13:33:00-05:00,2.04,2.04,2.04,2.04,1100,0,0
2020-01-06 13:34:00-05:00,2.04,2.04,2.04,2.04,2000,0,0
2020-01-06 13:36:00-05:00,2.04,2.04,2.04,2.04,500,0,0
2020-01-06 13:39:00-05:00,2.04,2.04,2.04,2.04,200,0,0
2020-01-06 13:40:00-05:00,2.04,2.04,2.04,2.04,5300,0,0
2020-01-06 13:45:00-05:00,2.035,2.035,2.02,2.02,17400,0,0
2020-01-06 13:46:00-05:00,2.02,2.02,2.02,2.02,200,0,0
2020-01-06 13:48:00-05:00,2.02,2.03,2.02,2.03,300,0,0
2020-01-06 13:50:00-05:00,2.03,2.03,2.03,2.03,2400,0,0
2020-01-06 13:52:00-05:00,2.04,2.05,2.04,2.05,2700,0,0
2020-01-06 13:55:00-05:00,2.04,2.05,2.04,2.05,4900,0,0
2020-01-06 13:56:00-05:00,2.04,2.05,2.04,2.05,3500,0,0
2020-01-06 13:57:00-05:00,2.04,2.04,2.04,2.04,1700,0,0
2020-01-06 13:58:00-05:00,2.05,2.05,2.05,2.05,900,0,0
2020-01-06 13:59:00-05:00,2.04,2.04,2.04,2.04,100,0,0
2020-01-06 14:00:00-05:00,2.04,2.04,2.04,2.04,100,0,0
2020-01-06 14:01:00-05:00,2.045,2.045,2.045,2.045,5500,0,0
2020-01-06 14:02:00-05:00,2.04,2.04,2.04,2.04,100,0,0
2020-01-06 14:03:00-05:00,2.04,2.04,2.04,2.04,100,0,0
2020-01-06 14:04:00-05:00,2.04,2.04,2.04,2.04,100,0,0
2020-01-06 14:05:00-05:00,2.045,2.05,2.045,2.05,1300,0,0
2020-01-06 14:06:00-05:00,2.04,2.05,2.04,2.05,2800,0,0
2020-01-06 14:07:00-05:00,2.05,2.05,2.05,2.05,1800,0,0
2020-01-06 14:08:00-05:00,2.05,2.05,2.05,2.05,1300,0,0
2020-01-06 14:09:00-05:00,2.05,2.05,2.05,2.05,3600,0,0
2020-01-06 14:10:00-05:00,2.05,2.05,2.05,2.05,1200,0,0
2020-01-06 14:12:00-05:00,2.05,2.05,2.045,2.045,4000,0,0
2020-01-06 14:13:00-05:00,2.05,2.06,2.05,2.06,18900,0,0
2020-01-06 14:14:00-05:00,2.06,2.06,2.06,2.06,2000,0,0
2020-01-06 14:15:00-05:00,2.06,2.06,2.06,2.06,1100,0,0
2020-01-06 14:16:00-05:00,2.055,2.06,2.05,2.06,6000,0,0
2020-01-06 14:17:00-05:00,2.06,2.06,2.06,2.06,900,0,0
2020-01-06 14:18:00-05:00,2.06,2.06,2.06,2.06,5000,0,0
2020-01-06 14:19:00-05:00,2.06,2.07,2.06,2.07,9800,0,0
2020-01-06 14:20:00-05:00,2.07,2.08,2.07,2.08,11710,0,0
2020-01-06 14:21:00-05:00,2.08,2.08,2.08,2.08,3500,0,0
2020-01-06 14:23:00-05:00,2.08,2.08,2.08,2.08,400,0,0
2020-01-06 14:24:00-05:00,2.08,2.08,2.075,2.08,1600,0,0
2020-01-06 14:26:00-05:00,2.07,2.07,2.07,2.07,1740,0,0
2020-01-06 14:28:00-05:00,2.07,2.07,2.07,2.07,26600,0,0
2020-01-06 14:29:00-05:00,2.065,2.065,2.065,2.065,100,0,0
2020-01-06 14:31:00-05:00,2.06,2.06,2.06,2.06,100,0,0
2020-01-06 14:33:00-05:00,2.05,2.05,2.05,2.05,2600,0,0
2020-01-06 14:34:00-05:00,2.05,2.05,2.05,2.05,100,0,0
2020-01-06 14:35:00-05:00,2.05,2.05,2.05,2.05,3800,0,0
2020-01-06 14:37:00-05:00,2.04,2.04,2.04,2.04,100,0,0
2020-01-06 14:38:00-05:00,2.04,2.04,2.03,2.03,400,0,0
2020-01-06 14:39:00-05:00,2.03,2.03,2.03,2.03,100,0,0
2020-01-06 14:40:00-05:00,2.03,2.03,2.03,2.03,100,0,0
2020-01-06 14:41:00-05:00,2.03,2.03,2.03,2.03,100,0,0
2020-01-06 14:43:00-05:00,2.03,2.03,2.03,2.03,500,0,0
2020-01-06 14:44:00-05:00,2.03,2.03,2.03,2.03,100,0,0
2020-01-06 14:45:00-05:00,2.03,2.03,2.03,2.03,100,0,0
2020-01-06 14:46:00-05:00,2.03,2.03,2.03,2.03,100,0,0
2020-01-06 14:48:00-05:00,2.03,2.03,2.03,2.03,100,0,0
2020-01-06 14:49:00-05:00,2.035,2.035,2.03,2.03,200,0,0
2020-01-06 14:50:00-05:00,2.035,2.035,2.035,2.035,100,0,0
2020-01-06 14:51:00-05:00,2.035,2.035,2.02,2.02,2900,0,0
2020-01-06 14:52:00-05:00,2.03,2.03,2.03,2.03,4600,0,0
2020-01-06 14:53:00-05:00,2.02,2.02,2.02,2.02,100,0,0
2020-01-06 14:54:00-05:00,2.02,2.03,2.02,2.03,2900,0,0
2020-01-06 14:55:00-05:00,2.03,2.03,2.03,2.03,6500,0,0
2020-01-06 14:56:00-05:00,2.03,2.03,2.03,2.03,4600,0,0
2020-01-06 14:57:00-05:00,2.03,2.03,2.03,2.03,6100,0,0
2020-01-06 14:59:00-05:00,2.03,2.03,2.03,2.03,11500,0,0
2020-01-06 15:00:00-05:00,2.03,2.03,2.03,2.03,1100,0,0
2020-01-06 15:01:00-05:00,2.03,2.03,2.03,2.03,7200,0,0
2020-01-06 15:02:00-05:00,2.03,2.03,2.03,2.03,3100,0,0
2020-01-06 15:03:00-05:00,2.03,2.03,2.03,2.03,1200,0,0
2020-01-06 15:04:00-05:00,2.03,2.03,2.03,2.03,3300,0,0
2020-01-06 15:11:00-05:00,2.03,2.03,2.03,2.03,17300,0,0
2020-01-06 15:12:00-05:00,2.03,2.03,2.03,2.03,200,0,0
2020-01-06 15:18:00-05:00,2.025,2.025,2.02,2.02,397,0,0
2020-01-06 15:20:00-05:00,2.02,2.02,2.02,2.02,100,0,0
2020-01-06 15:21:00-05:00,2.02,2.03,2.02,2.03,200,0,0
2020-01-06 15:22:00-05:00,2.02,2.02,2.02,2.02,4600,0,0
2020-01-06 15:23:00-05:00,2.02,2.02,2.02,2.02,100,0,0
2020-01-06 15:24:00-05:00,2.02,2.02,2.02,2.02,1000,0,0
2020-01-06 15:25:00-05:00,2.02,2.02,2.02,2.02,100,0,0
2020-01-06 15:26:00-05:00,2.025,2.025,2.025,2.025,100,0,0
2020-01-06 15:31:00-05:00,2.03,2.03,2.03,2.03,1700,0,0
2020-01-06 15:33:00-05:00,2.03,2.03,2.03,2.03,1800,0,0
2020-01-06 15:36:00-05:00,2.035,2.04,2.035,2.04,7200,0,0
2020-01-06 15:37:00-05:00,2.04,2.05,2.04,2.05,2000,0,0
2020-01-06 15:39:00-05:00,2.04,2.04,2.04,2.04,1300,0,0
2020-01-06 15:40:00-05:00,2.045,2.045,2.045,2.045,100,0,0
2020-01-06 15:41:00-05:00,2.04,2.04,2.04,2.04,500,0,0
2020-01-06 15:42:00-05:00,2.045,2.045,2.045,2.045,100,0,0
2020-01-06 15:43:00-05:00,2.05,2.05,2.05,2.05,100,0,0
2020-01-06 15:44:00-05:00,2.05,2.05,2.05,2.05,100,0,0
2020-01-06 15:45:00-05:00,2.05,2.05,2.05,2.05,100,0,0
2020-01-06 15:47:00-05:00,2.04,2.05,2.04,2.04,300,0,0
2020-01-06 15:48:00-05:00,2.045,2.045,2.04,2.04,500,0,0
2020-01-06 15:49:00-05:00,2.04,2.04,2.04,2.04,300,0,0
2020-01-06 15:50:00-05:00,2.04,2.04,2.04,2.04,1800,0,0
2020-01-06 15:51:00-05:00,2.04,2.04,2.04,2.04,200,0,0
2020-01-06 15:52:00-05:00,2.045,2.045,2.045,2.045,200,0,0
2020-01-06 15:53:00-05:00,2.05,2.05,2.04,2.04,400,0,0
2020-01-06 15:54:00-05:00,2.04,2.045,2.04,2.045,400,0,0
2020-01-06 15:55:00-05:00,2.04,2.045,2.04,2.045,800,0,0
2020-01-06 15:56:00-05:00,2.045,2.045,2.04,2.04,700,0,0
2020-01-06 15:57:00-05:00,2.04,2.045,2.04,2.04,2800,0,0
2020-01-06 15:58:00-05:00,2.04,2.04,2.04,2.04,7300,0,0
2020-01-06 15:59:00-05:00,2.04,2.05,2.04,2.04,1110,0,0
2020-01-07 09:30:00-05:00,2.06,2.08,2.03,2.08,0,0,0
2020-01-07 09:31:00-05:00,2.06,2.06,2.025,2.04,39860,0,0
2020-01-07 09:32:00-05:00,2.04,2.05,2.04,2.05,6070,0,0
2020-01-07 09:33:00-05:00,2.05,2.06,2.04,2.06,48370,0,0
2020-01-07 09:35:00-05:00,2.06,2.06,2.06,2.06,300,0,0
2020-01-07 09:36:00-05:00,2.06,2.07,2.06,2.06,3100,0,0
2020-01-07 09:37:00-05:00,2.06,2.06,2.06,2.06,600,0,0
2020-01-07 09:38:00-05:00,2.06,2.06,2.06,2.06,400,0,0
2020-01-07 09:40:00-05:00,2.06,2.07,2.06,2.07,18902,0,0
2020-01-07 09:43:00-05:00,2.07,2.07,2.07,2.07,10900,0,0
2020-01-07 09:45:00-05:00,2.08,2.08,2.08,2.08,9325,0,0
2020-01-07 09:46:00-05:00,2.08,2.08,2.08,2.08,0,0,0
2020-01-07 09:51:00-05:00,2.09,2.1,2.09,2.1,188237,0,0
2020-01-07 09:52:00-05:00,2.1,2.1,2.1,2.1,1100,0,0
2020-01-07 09:54:00-05:00,2.09,2.09,2.09,2.09,9960,0,0
2020-01-07 09:55:00-05:00,2.1,2.12,2.1,2.12,11000,0,0
2020-01-07 09:56:00-05:00,2.11,2.11,2.1,2.1,18300,0,0
2020-01-07 10:00:00-05:00,2.1,2.12,2.1,2.11,17100,0,0
2020-01-07 10:01:00-05:00,2.11,2.12,2.11,2.11,2800,0,0
2020-01-07 10:02:00-05:00,2.105,2.105,2.1,2.1,10200,0,0
2020-01-07 10:05:00-05:00,2.1,2.1,2.1,2.1,4500,0,0
2020-01-07 10:06:00-05:00,2.095,2.095,2.095,2.095,3100,0,0
2020-01-07 10:12:00-05:00,2.095,2.095,2.09,2.09,400,0,0
2020-01-07 10:13:00-05:00,2.09,2.09,2.09,2.09,1600,0,0
2020-01-07 10:15:00-05:00,2.09,2.09,2.09,2.09,1100,0,0
2020-01-07 10:19:00-05:00,2.1,2.1,2.1,2.1,1090,0,0
2020-01-07 10:24:00-05:00,2.1,2.11,2.1,2.11,25600,0,0
2020-01-07 10:25:00-05:00,2.12,2.12,2.12,2.12,100,0,0
2020-01-07 10:26:00-05:00,2.12,2.12,2.12,2.12,100,0,0
2020-01-07 10:28:00-05:00,2.115,2.115,2.115,2.115,10100,0,0
2020-01-07 10:30:00-05:00,2.12,2.12,2.12,2.12,1000,0,0
2020-01-07 10:31:00-05:00,2.115,2.115,2.115,2.115,9500,0,0
2020-01-07 10:32:00-05:00,2.12,2.12,2.12,2.12,200,0,0
2020-01-07 10:33:00-05:00,2.12,2.12,2.12,2.12,4200,0,0
2020-01-07 10:34:00-05:00,2.13,2.13,2.13,2.13,4500,0,0
2020-01-07 10:35:00-05:00,2.13,2.13,2.13,2.13,6500,0,0
2020-01-07 10:36:00-05:00,2.13,2.13,2.13,2.13,7700,0,0
2020-01-07 10:37:00-05:00,2.14,2.14,2.14,2.14,7800,0,0
2020-01-07 10:38:00-05:00,2.14,2.14,2.14,2.14,2160,0,0
2020-01-07 10:39:00-05:00,2.14,2.15,2.14,2.15,7800,0,0
2020-01-07 10:40:00-05:00,2.14,2.15,2.14,2.15,23700,0,0
2020-01-07 10:41:00-05:00,2.14,2.14,2.14,2.14,24000,0,0
2020-01-07 10:44:00-05:00,2.14,2.14,2.14,2.14,3100,0,0
2020-01-07 10:45:00-05:00,2.14,2.14,2.14,2.14,1300,0,0
2020-01-07 10:46:00-05:00,2.14,2.14,2.14,2.14,500,0,0
2020-01-07 10:47:00-05:00,2.15,2.15,2.15,2.15,1000,0,0
2020-01-07 10:49:00-05:00,2.15,2.15,2.15,2.15,2381,0,0
2020-01-07 10:52:00-05:00,2.14,2.14,2.14,2.14,2000,0,0
2020-01-07 10:53:00-05:00,2.14,2.14,2.14,2.14,2000,0,0
2020-01-07 10:58:00-05:00,2.14,2.14,2.14,2.14,21000,0,0
2020-01-07 10:59:00-05:00,2.14,2.14,2.14,2.14,1200,0,0
2020-01-07 11:05:00-05:00,2.13,2.13,2.13,2.13,0,0,0
2020-01-07 11:06:00-05:00,2.13,2.13,2.13,2.13,18400,0,0
2020-01-07 11:07:00-05:00,2.135,2.14,2.135,2.14,700,0,0
2020-01-07 11:08:00-05:00,2.13,2.13,2.13,2.13,1000,0,0
2020-01-07 11:10:00-05:00,2.13,2.14,2.13,2.14,7200,0,0
2020-01-07 11:12:00-05:00,2.135,2.135,2.135,2.135,100,0,0
2020-01-07 11:15:00-05:00,2.14,2.14,2.14,2.14,100,0,0
2020-01-07 11:18:00-05:00,2.13,2.14,2.13,2.14,12800,0,0
2020-01-07 11:20:00-05:00,2.14,2.14,2.14,2.14,700,0,0
2020-01-07 11:23:00-05:00,2.14,2.15,2.14,2.15,13325,0,0
2020-01-07 11:25:00-05:00,2.14,2.15,2.14,2.14,4700,0,0
2020-01-07 11:28:00-05:00,2.14,2.14,2.14,2.14,14000,0,0
2020-01-07 11:29:00-05:00,2.14,2.16,2.14,2.16,159900,0,0
2020-01-07 11:30:00-05:00,2.16,2.16,2.16,2.16,4900,0,0
2020-01-07 11:33:00-05:00,2.16,2.16,2.16,2.16,2100,0,0
2020-01-07 11:35:00-05:00,2.155,2.16,2.155,2.16,1300,0,0
2020-01-07 11:36:00-05:00,2.17,2.17,2.17,2.17,3333,0,0
2020-01-07 11:37:00-05:00,2.17,2.17,2.17,2.17,100,0,0
2020-01-07 11:46:00-05:00,2.17,2.17,2.17,2.17,200,0,0
2020-01-07 11:49:00-05:00,2.17,2.17,2.17,2.17,3900,0,0
2020-01-07 11:50:00-05:00,2.17,2.17,2.17,2.17,100,0,0
2020-01-07 11:51:00-05:00,2.17,2.17,2.17,2.17,1500,0,0
2020-01-07 11:53:00-05:00,2.18,2.18,2.18,2.18,900,0,0
2020-01-07 11:55:00-05:00,2.18,2.18,2.18,2.18,1600,0,0
2020-01-07 11:59:00-05:00,2.185,2.185,2.185,2.185,100,0,0
2020-01-07 12:00:00-05:00,2.19,2.19,2.19,2.19,350,0,0
2020-01-07 12:01:00-05:00,2.19,2.19,2.19,2.19,14500,0,0
2020-01-07 12:02:00-05:00,2.19,2.19,2.18,2.18,5500,0,0
2020-01-07 12:10:00-05:00,2.19,2.2,2.19,2.2,14300,0,0
2020-01-07 12:11:00-05:00,2.21,2.21,2.21,2.21,11100,0,0
2020-01-07 12:12:00-05:00,2.21,2.21,2.21,2.21,4300,0,0
2020-01-07 12:19:00-05:00,2.2,2.205,2.19,2.19,3101,0,0
2020-01-07 12:24:00-05:00,2.19,2.19,2.19,2.19,2600,0,0
2020-01-07 12:25:00-05:00,2.19,2.19,2.19,2.19,650,0,0
2020-01-07 12:33:00-05:00,2.2,2.2,2.2,2.2,600,0,0
2020-01-07 12:35:00-05:00,2.195,2.2,2.195,2.2,1830,0,0
2020-01-07 12:37:00-05:00,2.2,2.2,2.2,2.2,200,0,0
2020-01-07 12:38:00-05:00,2.2,2.2,2.2,2.2,1500,0,0
2020-01-07 12:42:00-05:00,2.2,2.2,2.2,2.2,400,0,0
2020-01-07 12:43:00-05:00,2.2,2.2,2.2,2.2,400,0,0
2020-01-07 12:44:00-05:00,2.2,2.2,2.2,2.2,203,0,0
2020-01-07 12:51:00-05:00,2.2,2.2,2.2,2.2,100,0,0
2020-01-07 12:57:00-05:00,2.19,2.19,2.19,2.19,8181,0,0
2020-01-07 13:03:00-05:00,2.18,2.18,2.18,2.18,300,0,0
2020-01-07 13:06:00-05:00,2.17,2.17,2.17,2.17,1000,0,0
2020-01-07 13:08:00-05:00,2.18,2.18,2.18,2.18,1900,0,0
2020-01-07 13:09:00-05:00,2.18,2.18,2.18,2.18,1200,0,0
2020-01-07 13:18:00-05:00,2.175,2.18,2.175,2.18,200,0,0
2020-01-07 13:19:00-05:00,2.18,2.18,2.18,2.18,1200,0,0
2020-01-07 13:23:00-05:00,2.17,2.17,2.17,2.17,200,0,0
2020-01-07 13:28:00-05:00,2.17,2.17,2.17,2.17,400,0,0
2020-01-07 13:32:00-05:00,2.18,2.18,2.18,2.18,100,0,0
2020-01-07 13:38:00-05:00,2.18,2.18,2.18,2.18,100,0,0
2020-01-07 13:39:00-05:00,2.18,2.18,2.18,2.18,2400,0,0
2020-01-07 13:40:00-05:00,2.175,2.175,2.17,2.17,3200,0,0
2020-01-07 13:44:00-05:00,2.18,2.18,2.18,2.18,1700,0,0
2020-01-07 13:49:00-05:00,2.185,2.19,2.185,2.19,1200,0,0
2020-01-07 13:52:00-05:00,2.2,2.2,2.2,2.2,750,0,0
2020-01-07 13:54:00-05:00,2.19,2.19,2.19,2.19,100,0,0
2020-01-07 13:55:00-05:00,2.19,2.19,2.19,2.19,300,0,0
2020-01-07 14:02:00-05:00,2.19,2.19,2.19,2.19,100,0,0
2020-01-07 14:05:00-05:00,2.19,2.19,2.19,2.19,200,0,0
2020-01-07 14:08:00-05:00,2.19,2.19,2.19,2.19,600,0,0
2020-01-07 14:10:00-05:00,2.18,2.18,2.18,2.18,1100,0,0
2020-01-07 14:15:00-05:00,2.175,2.175,2.175,2.175,100,0,0
2020-01-07 14:16:00-05:00,2.18,2.18,2.17,2.17,2700,0,0
2020-01-07 14:17:00-05:00,2.17,2.17,2.17,2.17,900,0,0
2020-01-07 14:19:00-05:00,2.17,2.17,2.17,2.17,4000,0,0
2020-01-07 14:29:00-05:00,2.17,2.17,2.17,2.17,400,0,0
2020-01-07 14:30:00-05:00,2.18,2.18,2.18,2.18,400,0,0
2020-01-07 14:31:00-05:00,2.17,2.17,2.17,2.17,1300,0,0
2020-01-07 14:32:00-05:00,2.17,2.17,2.17,2.17,200,0,0
2020-01-07 14:46:00-05:00,2.17,2.17,2.17,2.17,1500,0,0
2020-01-07 14:59:00-05:00,2.16,2.16,2.16,2.16,3350,0,0
2020-01-07 15:01:00-05:00,2.17,2.17,2.17,2.17,100,0,0
2020-01-07 15:11:00-05:00,2.17,2.17,2.17,2.17,100,0,0
2020-01-07 15:26:00-05:00,2.17,2.17,2.17,2.17,100,0,0
2020-01-07 15:30:00-05:00,2.165,2.165,2.165,2.165,100,0,0
2020-01-07 15:36:00-05:00,2.17,2.175,2.17,2.175,5600,0,0
2020-01-07 15:38:00-05:00,2.18,2.18,2.175,2.175,200,0,0
2020-01-07 15:44:00-05:00,2.18,2.18,2.18,2.18,100,0,0
2020-01-07 15:45:00-05:00,2.18,2.18,2.18,2.18,200,0,0
2020-01-07 15:46:00-05:00,2.18,2.19,2.18,2.185,4400,0,0
2020-01-07 15:48:00-05:00,2.19,2.2,2.19,2.19,6600,0,0
2020-01-07 15:49:00-05:00,2.19,2.19,2.19,2.19,400,0,0
2020-01-07 15:50:00-05:00,2.19,2.19,2.19,2.19,100,0,0
2020-01-07 15:51:00-05:00,2.19,2.19,2.18,2.18,12600,0,0
2020-01-07 15:52:00-05:00,2.18,2.18,2.18,2.18,6600,0,0
2020-01-07 15:54:00-05:00,2.19,2.19,2.19,2.19,200,0,0
2020-01-07 15:55:00-05:00,2.18,2.2,2.18,2.2,8100,0,0
2020-01-07 15:56:00-05:00,2.2,2.2,2.2,2.2,200,0,0
2020-01-07 15:57:00-05:00,2.19,2.19,2.18,2.18,1500,0,0
2020-01-07 15:58:00-05:00,2.185,2.195,2.185,2.195,4416,0,0
2020-01-07 15:59:00-05:00,2.2,2.2,2.19,2.2,4600,0,0
2020-01-08 09:30:00-05:00,2.24,2.25,2.24,2.25,0,0,0
2020-01-08 09:31:00-05:00,2.23,2.23,2.23,2.23,4300,0,0
2020-01-08 09:32:00-05:00,2.22,2.22,2.2,2.22,37100,0,0
2020-01-08 09:33:00-05:00,2.21,2.21,2.21,2.21,1000,0,0
2020-01-08 09:34:00-05:00,2.205,2.205,2.205,2.205,1000,0,0
2020-01-08 09:35:00-05:00,2.2,2.2,2.18,2.18,10400,0,0
2020-01-08 09:37:00-05:00,2.16,2.16,2.16,2.16,2000,0,0
2020-01-08 09:41:00-05:00,2.16,2.16,2.16,2.16,100,0,0
2020-01-08 09:43:00-05:00,2.15,2.15,2.14,2.14,2700,0,0
2020-01-08 09:44:00-05:00,2.15,2.15,2.15,2.15,100,0,0
2020-01-08 09:45:00-05:00,2.14,2.14,2.14,2.14,1700,0,0
2020-01-08 09:46:00-05:00,2.14,2.14,2.135,2.135,200,0,0
2020-01-08 09:47:00-05:00,2.145,2.145,2.145,2.145,300,0,0
2020-01-08 09:49:00-05:00,2.14,2.14,2.14,2.14,100,0,0
2020-01-08 09:50:00-05:00,2.15,2.15,2.15,2.15,800,0,0
2020-01-08 09:51:00-05:00,2.155,2.16,2.155,2.16,300,0,0
2020-01-08 09:52:00-05:00,2.16,2.16,2.155,2.155,4200,0,0
2020-01-08 09:54:00-05:00,2.15,2.15,2.15,2.15,100,0,0
2020-01-08 09:55:00-05:00,2.14,2.14,2.135,2.135,3000,0,0
2020-01-08 09:58:00-05:00,2.15,2.15,2.15,2.15,9200,0,0
2020-01-08 10:00:00-05:00,2.155,2.155,2.15,2.15,600,0,0
2020-01-08 10:01:00-05:00,2.14,2.14,2.14,2.14,100,0,0
2020-01-08 10:02:00-05:00,2.14,2.14,2.14,2.14,400,0,0
2020-01-08 10:03:00-05:00,2.14,2.14,2.14,2.14,100,0,0
2020-01-08 10:08:00-05:00,2.13,2.13,2.12,2.12,3800,0,0
2020-01-08 10:09:00-05:00,2.12,2.13,2.12,2.13,400,0,0
2020-01-08 10:10:00-05:00,2.13,2.13,2.13,2.13,200,0,0
2020-01-08 10:11:00-05:00,2.13,2.13,2.13,2.13,2100,0,0
2020-01-08 10:13:00-05:00,2.14,2.14,2.14,2.14,100,0,0
2020-01-08 10:14:00-05:00,2.13,2.13,2.13,2.13,167,0,0
2020-01-08 10:15:00-05:00,2.13,2.13,2.13,2.13,1100,0,0
2020-01-08 10:17:00-05:00,2.14,2.14,2.14,2.14,100,0,0
2020-01-08 10:18:00-05:00,2.14,2.14,2.14,2.14,6300,0,0
2020-01-08 10:19:00-05:00,2.14,2.14,2.13,2.13,1400,0,0
2020-01-08 10:21:00-05:00,2.12,2.13,2.12,2.13,2876,0,0
2020-01-08 10:23:00-05:00,2.13,2.14,2.13,2.14,2200,0,0
2020-01-08 10:25:00-05:00,2.14,2.14,2.14,2.14,7700,0,0
2020-01-08 10:26:00-05:00,2.14,2.14,2.14,2.14,100,0,0
2020-01-08 10:28:00-05:00,2.14,2.14,2.14,2.14,200,0,0
2020-01-08 10:32:00-05:00,2.14,2.14,2.14,2.14,412,0,0
2020-01-08 10:33:00-05:00,2.14,2.14,2.14,2.14,1200,0,0
2020-01-08 10:34:00-05:00,2.13,2.13,2.12,2.12,2300,0,0
2020-01-08 10:39:00-05:00,2.13,2.13,2.13,2.13,800,0,0
2020-01-08 10:40:00-05:00,2.13,2.13,2.13,2.13,1500,0,0
2020-01-08 10:41:00-05:00,2.13,2.13,2.13,2.13,800,0,0
2020-01-08 10:46:00-05:00,2.14,2.14,2.14,2.14,11100,0,0
2020-01-08 10:47:00-05:00,2.14,2.14,2.14,2.14,3000,0,0
2020-01-08 10:48:00-05:00,2.14,2.14,2.14,2.14,2239,0,0
2020-01-08 10:49:00-05:00,2.14,2.14,2.14,2.14,1000,0,0
2020-01-08 10:51:00-05:00,2.14,2.14,2.14,2.14,200,0,0
2020-01-08 10:54:00-05:00,2.14,2.14,2.14,2.14,700,0,0
2020-01-08 10:58:00-05:00,2.145,2.145,2.145,2.145,200,0,0
2020-01-08 11:01:00-05:00,2.14,2.14,2.14,2.14,6400,0,0
2020-01-08 11:02:00-05:00,2.14,2.14,2.14,2.14,8300,0,0
2020-01-08 11:03:00-05:00,2.14,2.14,2.14,2.14,3200,0,0
2020-01-08 11:06:00-05:00,2.14,2.14,2.14,2.14,4700,0,0
2020-01-08 11:09:00-05:00,2.14,2.14,2.14,2.14,7200,0,0
2020-01-08 11:10:00-05:00,2.13,2.13,2.13,2.13,8000,0,0
2020-01-08 11:11:00-05:00,2.12,2.13,2.11,2.11,78800,0,0
2020-01-08 11:12:00-05:00,2.1,2.1,2.1,2.1,2550,0,0
2020-01-08 11:13:00-05:00,2.11,2.11,2.11,2.11,4000,0,0
2020-01-08 11:15:00-05:00,2.11,2.11,2.11,2.11,860,0,0
2020-01-08 11:17:00-05:00,2.12,2.12,2.12,2.12,5267,0,0
2020-01-08 11:19:00-05:00,2.12,2.12,2.12,2.12,800,0,0
2020-01-08 11:20:00-05:00,2.12,2.12,2.12,2.12,1000,0,0
2020-01-08 11:21:00-05:00,2.12,2.12,2.12,2.12,7200,0,0
2020-01-08 11:28:00-05:00,2.13,2.13,2.125,2.125,8602,0,0
2020-01-08 11:29:00-05:00,2.12,2.12,2.12,2.12,2300,0,0
2020-01-08 11:35:00-05:00,2.13,2.13,2.12,2.12,3450,0,0
2020-01-08 11:36:00-05:00,2.13,2.13,2.13,2.13,200,0,0
2020-01-08 11:37:00-05:00,2.125,2.125,2.12,2.12,15300,0,0
2020-01-08 11:40:00-05:00,2.12,2.12,2.12,2.12,10800,0,0
2020-01-08 11:42:00-05:00,2.12,2.12,2.12,2.12,4600,0,0
2020-01-08 11:43:00-05:00,2.12,2.12,2.12,2.12,1400,0,0
2020-01-08 11:46:00-05:00,2.11,2.11,2.11,2.11,5600,0,0
2020-01-08 11:47:00-05:00,2.11,2.11,2.11,2.11,2900,0,0
2020-01-08 11:50:00-05:00,2.12,2.12,2.12,2.12,1200,0,0
2020-01-08 11:51:00-05:00,2.11,2.11,2.1,2.1,22400,0,0
2020-01-08 11:53:00-05:00,2.1,2.1,2.1,2.1,900,0,0
2020-01-08 11:56:00-05:00,2.11,2.11,2.11,2.11,2500,0,0
2020-01-08 11:58:00-05:00,2.11,2.11,2.11,2.11,3600,0,0
2020-01-08 12:01:00-05:00,2.11,2.13,2.11,2.13,10800,0,0
2020-01-08 12:06:00-05:00,2.13,2.13,2.13,2.13,600,0,0
2020-01-08 12:07:00-05:00,2.13,2.13,2.125,2.125,2100,0,0
2020-01-08 12:08:00-05:00,2.13,2.14,2.13,2.14,12800,0,0
2020-01-08 12:09:00-05:00,2.14,2.14,2.14,2.14,400,0,0
2020-01-08 12:15:00-05:00,2.14,2.15,2.14,2.15,1700,0,0
2020-01-08 12:16:00-05:00,2.15,2.15,2.15,2.15,1000,0,0
2020-01-08 12:20:00-05:00,2.15,2.15,2.15,2.15,100,0,0
2020-01-08 12:34:00-05:00,2.14,2.14,2.14,2.14,7700,0,0
2020-01-08 12:37:00-05:00,2.145,2.145,2.145,2.145,100,0,0
2020-01-08 12:40:00-05:00,2.14,2.14,2.14,2.14,4346,0,0
2020-01-08 13:00:00-05:00,2.15,2.15,2.15,2.15,200,0,0
2020-01-08 13:06:00-05:00,2.14,2.14,2.14,2.14,6900,0,0
2020-01-08 13:08:00-05:00,2.14,2.14,2.14,2.14,2900,0,0
2020-01-08 13:09:00-05:00,2.14,2.14,2.14,2.14,1200,0,0
2020-01-08 13:13:00-05:00,2.14,2.14,2.14,2.14,100,0,0
2020-01-08 13:20:00-05:00,2.14,2.14,2.14,2.14,296,0,0
2020-01-08 13:41:00-05:00,2.14,2.14,2.14,2.14,1600,0,0
2020-01-08 13:42:00-05:00,2.14,2.14,2.14,2.14,900,0,0
2020-01-08 13:44:00-05:00,2.14,2.14,2.14,2.14,100,0,0
2020-01-08 13:46:00-05:00,2.14,2.14,2.14,2.14,100,0,0
2020-01-08 13:49:00-05:00,2.135,2.135,2.13,2.13,5200,0,0
2020-01-08 13:50:00-05:00,2.13,2.13,2.13,2.13,300,0,0
2020-01-08 13:52:00-05:00,2.13,2.13,2.13,2.13,300,0,0
2020-01-08 14:01:00-05:00,2.12,2.12,2.12,2.12,3896,0,0
2020-01-08 14:04:00-05:00,2.12,2.12,2.12,2.12,3900,0,0
2020-01-08 14:05:00-05:00,2.12,2.12,2.12,2.12,8600,0,0
2020-01-08 14:06:00-05:00,2.12,2.12,2.12,2.12,9400,0,0
2020-01-08 14:07:00-05:00,2.12,2.12,2.12,2.12,3700,0,0
2020-01-08 14:10:00-05:00,2.12,2.12,2.12,2.12,3900,0,0
2020-01-08 14:13:00-05:00,2.12,2.12,2.12,2.12,6400,0,0
2020-01-08 14:14:00-05:00,2.12,2.12,2.12,2.12,400,0,0
2020-01-08 14:20:00-05:00,2.12,2.12,2.12,2.12,100,0,0
2020-01-08 14:21:00-05:00,2.12,2.12,2.12,2.12,4925,0,0
2020-01-08 14:25:00-05:00,2.12,2.12,2.12,2.12,11100,0,0
2020-01-08 14:26:00-05:00,2.12,2.12,2.12,2.12,4700,0,0
2020-01-08 14:28:00-05:00,2.12,2.12,2.12,2.12,100,0,0
2020-01-08 14:36:00-05:00,2.12,2.12,2.12,2.12,2700,0,0
2020-01-08 14:44:00-05:00,2.12,2.12,2.12,2.12,400,0,0
2020-01-08 14:45:00-05:00,2.12,2.12,2.12,2.12,100,0,0
2020-01-08 14:48:00-05:00,2.11,2.11,2.11,2.11,4500,0,0
2020-01-08 14:53:00-05:00,2.1,2.1,2.1,2.1,1000,0,0
2020-01-08 14:57:00-05:00,2.1,2.1,2.1,2.1,2850,0,0
2020-01-08 15:02:00-05:00,2.1,2.1,2.1,2.1,2000,0,0
2020-01-08 15:04:00-05:00,2.1,2.1,2.1,2.1,266,0,0
2020-01-08 15:07:00-05:00,2.09,2.09,2.09,2.09,3500,0,0
2020-01-08 15:09:00-05:00,2.09,2.09,2.09,2.09,1250,0,0
2020-01-08 15:12:00-05:00,2.1,2.1,2.1,2.1,1100,0,0
2020-01-08 15:18:00-05:00,2.11,2.12,2.11,2.12,3900,0,0
2020-01-08 15:19:00-05:00,2.12,2.12,2.12,2.12,200,0,0
2020-01-08 15:21:00-05:00,2.11,2.12,2.11,2.115,3750,0,0
2020-01-08 15:24:00-05:00,2.11,2.11,2.11,2.11,2614,0,0
2020-01-08 15:30:00-05:00,2.115,2.115,2.115,2.115,500,0,0
2020-01-08 15:31:00-05:00,2.115,2.12,2.115,2.12,1800,0,0
2020-01-08 15:33:00-05:00,2.12,2.12,2.12,2.12,500,0,0
2020-01-08 15:34:00-05:00,2.12,2.13,2.12,2.12,4000,0,0
2020-01-08 15:35:00-05:00,2.125,2.125,2.12,2.12,3100,0,0
2020-01-08 15:40:00-05:00,2.11,2.11,2.11,2.11,1300,0,0
2020-01-08 15:42:00-05:00,2.11,2.11,2.11,2.11,200,0,0
2020-01-08 15:43:00-05:00,2.11,2.11,2.11,2.11,100,0,0
2020-01-08 15:44:00-05:00,2.11,2.11,2.11,2.11,200,0,0
2020-01-08 15:45:00-05:00,2.11,2.11,2.11,2.11,100,0,0
2020-01-08 15:46:00-05:00,2.11,2.12,2.11,2.12,1000,0,0
2020-01-08 15:49:00-05:00,2.12,2.12,2.12,2.12,2600,0,0
2020-01-08 15:50:00-05:00,2.12,2.12,2.12,2.12,2000,0,0
2020-01-08 15:53:00-05:00,2.11,2.11,2.11,2.11,2375,0,0
2020-01-08 15:54:00-05:00,2.11,2.11,2.11,2.11,2900,0,0
2020-01-08 15:55:00-05:00,2.11,2.11,2.1,2.1,1200,0,0
2020-01-08 15:57:00-05:00,2.1,2.1,2.1,2.1,100,0,0
2020-01-08 15:58:00-05:00,2.11,2.11,2.11,2.11,1100,0,0
2020-01-08 15:59:00-05:00,2.11,2.11,2.1,2.11,7664,0,0
2020-01-09 09:30:00-05:00,2.07,2.09,2.05,2.09,0,0,0
2020-01-09 09:31:00-05:00,2.08,2.08,2.06,2.06,5200,0,0
2020-01-09 09:34:00-05:00,2.07,2.07,2.07,2.07,100,0,0
2020-01-09 09:35:00-05:00,2.07,2.07,2.07,2.07,200,0,0
2020-01-09 09:37:00-05:00,2.065,2.07,2.065,2.07,1200,0,0
2020-01-09 09:38:00-05:00,2.07,2.07,2.07,2.07,100,0,0
2020-01-09 09:40:00-05:00,2.06,2.06,2.055,2.055,5668,0,0
2020-01-09 09:41:00-05:00,2.05,2.055,2.05,2.055,3300,0,0
2020-01-09 09:42:00-05:00,2.06,2.06,2.06,2.06,101,0,0
2020-01-09 09:43:00-05:00,2.06,2.06,2.06,2.06,900,0,0
2020-01-09 09:44:00-05:00,2.055,2.06,2.055,2.06,14300,0,0
2020-01-09 09:45:00-05:00,2.06,2.06,2.06,2.06,500,0,0
2020-01-09 09:49:00-05:00,2.06,2.06,2.06,2.06,3000,0,0
2020-01-09 09:50:00-05:00,2.065,2.065,2.065,2.065,3500,0,0
2020-01-09 09:54:00-05:00,2.065,2.065,2.065,2.065,100,0,0
2020-01-09 09:57:00-05:00,2.065,2.065,2.065,2.065,6100,0,0
2020-01-09 09:58:00-05:00,2.07,2.08,2.07,2.08,7300,0,0
2020-01-09 10:01:00-05:00,2.07,2.07,2.07,2.07,1045,0,0
2020-01-09 10:11:00-05:00,2.06,2.06,2.06,2.06,550,0,0
2020-01-09 10:13:00-05:00,2.06,2.06,2.06,2.06,9700,0,0
2020-01-09 10:14:00-05:00,2.065,2.065,2.065,2.065,100,0,0
2020-01-09 10:15:00-05:00,2.07,2.07,2.07,2.07,200,0,0
2020-01-09 10:19:00-05:00,2.06,2.06,2.06,2.06,1600,0,0
2020-01-09 10:20:00-05:00,2.06,2.06,2.06,2.06,300,0,0
2020-01-09 10:21:00-05:00,2.06,2.06,2.06,2.06,200,0,0
2020-01-09 10:22:00-05:00,2.06,2.06,2.06,2.06,400,0,0
2020-01-09 10:25:00-05:00,2.06,2.06,2.06,2.06,900,0,0
2020-01-09 10:29:00-05:00,2.065,2.065,2.065,2.065,200,0,0
2020-01-09 10:33:00-05:00,2.06,2.06,2.06,2.06,700,0,0
2020-01-09 10:34:00-05:00,2.06,2.06,2.055,2.055,6100,0,0
2020-01-09 10:41:00-05:00,2.05,2.05,2.05,2.05,100,0,0
2020-01-09 10:49:00-05:00,2.05,2.05,2.05,2.05,3000,0,0
2020-01-09 10:50:00-05:00,2.04,2.04,2.04,2.04,4000,0,0
2020-01-09 10:51:00-05:00,2.035,2.035,2.035,2.035,500,0,0
2020-01-09 10:59:00-05:00,2.03,2.03,2.03,2.03,0,0,0
2020-01-09 11:05:00-05:00,2.025,2.03,2.025,2.03,114544,0,0
2020-01-09 11:15:00-05:00,2.03,2.03,2.03,2.03,6400,0,0
2020-01-09 11:16:00-05:00,2.025,2.03,2.025,2.03,1600,0,0
2020-01-09 11:19:00-05:00,2.03,2.03,2.03,2.03,2400,0,0
2020-01-09 11:24:00-05:00,2.03,2.03,2.03,2.03,1000,0,0
2020-01-09 11:25:00-05:00,2.03,2.03,2.03,2.03,100,0,0
2020-01-09 11:27:00-05:00,2.03,2.03,2.03,2.03,100,0,0
2020-01-09 11:31:00-05:00,2.03,2.03,2.03,2.03,0,0,0
2020-01-09 11:34:00-05:00,2.03,2.03,2.03,2.03,133144,0,0
2020-01-09 11:35:00-05:00,2.03,2.03,2.03,2.03,600,0,0
2020-01-09 11:52:00-05:00,2.02,2.02,2.02,2.02,7367,0,0
2020-01-09 11:57:00-05:00,2.02,2.02,2.0,2.0,47950,0,0
2020-01-09 12:05:00-05:00,2.01,2.01,2.01,2.01,1700,0,0
2020-01-09 12:06:00-05:00,2.0,2.0,2.0,2.0,100,0,0
2020-01-09 12:09:00-05:00,2.0,2.0,1.99,1.99,19000,0,0
2020-01-09 12:13:00-05:00,2.0,2.0,2.0,2.0,900,0,0
2020-01-09 12:14:00-05:00,2.0,2.0,1.99,1.99,3500,0,0
2020-01-09 12:31:00-05:00,1.99,1.99,1.99,1.99,100,0,0
2020-01-09 12:33:00-05:00,2.0,2.0,2.0,2.0,1400,0,0
2020-01-09 12:34:00-05:00,2.0,2.0,1.99,1.99,19700,0,0
2020-01-09 12:36:00-05:00,1.99,1.99,1.99,1.99,5713,0,0
2020-01-09 12:55:00-05:00,1.99,1.99,1.99,1.99,1900,0,0
2020-01-09 13:11:00-05:00,2.0,2.01,2.0,2.01,4100,0,0
2020-01-09 13:12:00-05:00,2.01,2.01,2.0,2.0,19700,0,0
2020-01-09 13:14:00-05:00,2.0,2.0,2.0,2.0,200,0,0
2020-01-09 13:19:00-05:00,2.01,2.01,2.01,2.01,900,0,0
2020-01-09 13:29:00-05:00,2.005,2.01,2.005,2.01,900,0,0
2020-01-09 13:30:00-05:00,2.01,2.01,2.01,2.01,500,0,0
2020-01-09 13:31:00-05:00,2.01,2.01,2.01,2.01,300,0,0
2020-01-09 13:35:00-05:00,2.01,2.01,2.01,2.01,600,0,0
2020-01-09 13:50:00-05:00,2.005,2.005,2.0,2.0,2150,0,0
2020-01-09 13:51:00-05:00,2.0,2.0,2.0,2.0,500,0,0
2020-01-09 13:59:00-05:00,2.0,2.0,1.98,1.99,30000,0,0
2020-01-09 14:00:00-05:00,1.99,2.0,1.99,2.0,13400,0,0
2020-01-09 14:11:00-05:00,1.99,1.99,1.99,1.99,2750,0,0
2020-01-09 14:20:00-05:00,1.99,1.99,1.99,1.99,3100,0,0
2020-01-09 14:23:00-05:00,1.99,1.99,1.99,1.99,300,0,0
2020-01-09 14:27:00-05:00,1.99,1.99,1.99,1.99,4800,0,0
2020-01-09 14:28:00-05:00,1.99,1.99,1.99,1.99,200,0,0
2020-01-09 14:29:00-05:00,1.995,1.995,1.995,1.995,500,0,0
2020-01-09 14:30:00-05:00,1.99,1.99,1.99,1.99,200,0,0
2020-01-09 14:34:00-05:00,1.99,1.99,1.99,1.99,1700,0,0
2020-01-09 14:35:00-05:00,2.0,2.0,1.99,1.99,1900,0,0
2020-01-09 14:38:00-05:00,1.98,1.98,1.98,1.98,5750,0,0
2020-01-09 14:40:00-05:00,1.98,1.98,1.98,1.98,100,0,0
2020-01-09 14:42:00-05:00,1.98,1.98,1.98,1.98,200,0,0
2020-01-09 14:43:00-05:00,1.98,1.98,1.98,1.98,100,0,0
2020-01-09 14:51:00-05:00,1.98,1.98,1.98,1.98,100,0,0
2020-01-09 14:57:00-05:00,1.98,1.98,1.98,1.98,11400,0,0
2020-01-09 15:09:00-05:00,1.99,1.99,1.99,1.99,5000,0,0
2020-01-09 15:11:00-05:00,1.99,1.99,1.99,1.99,11000,0,0
2020-01-09 15:13:00-05:00,2.0,2.0,2.0,2.0,1031,0,0
2020-01-09 15:14:00-05:00,2.0,2.0,2.0,2.0,2800,0,0
2020-01-09 15:20:00-05:00,2.01,2.01,2.01,2.01,100,0,0
2020-01-09 15:21:00-05:00,2.01,2.01,2.01,2.01,300,0,0
2020-01-09 15:27:00-05:00,2.005,2.005,2.005,2.005,100,0,0
2020-01-09 15:29:00-05:00,2.005,2.005,2.005,2.005,100,0,0
2020-01-09 15:30:00-05:00,2.0,2.0,2.0,2.0,6300,0,0
2020-01-09 15:31:00-05:00,1.995,2.0,1.995,2.0,250,0,0
2020-01-09 15:39:00-05:00,2.0,2.01,2.0,2.01,4000,0,0
2020-01-09 15:40:00-05:00,2.0,2.0,1.99,1.99,200,0,0
2020-01-09 15:41:00-05:00,1.99,1.99,1.99,1.99,18206,0,0
2020-01-09 15:46:00-05:00,1.99,1.99,1.99,1.99,777,0,0
2020-01-09 15:47:00-05:00,1.985,1.985,1.985,1.985,100,0,0
2020-01-09 15:48:00-05:00,1.98,1.98,1.98,1.98,100,0,0
2020-01-09 15:49:00-05:00,1.98,1.98,1.98,1.98,100,0,0
2020-01-09 15:50:00-05:00,1.98,1.98,1.98,1.98,12081,0,0
2020-01-09 15:51:00-05:00,1.98,1.98,1.98,1.98,589,0,0
2020-01-09 15:56:00-05:00,1.97,1.97,1.97,1.97,1600,0,0
2020-01-09 15:57:00-05:00,1.97,1.97,1.97,1.97,400,0,0
2020-01-09 15:58:00-05:00,1.97,1.97,1.97,1.97,6900,0,0
2020-01-09 15:59:00-05:00,1.97,1.99,1.96,1.99,68047,0,0
2020-01-10 09:30:00-05:00,2.0,2.01,2.0,2.01,0,0,0
2020-01-10 09:32:00-05:00,2.0,2.0,1.99,1.99,14444,0,0
2020-01-10 09:33:00-05:00,1.99,1.99,1.97,1.97,14300,0,0
2020-01-10 09:35:00-05:00,1.97,1.98,1.97,1.98,6000,0,0
2020-01-10 09:36:00-05:00,1.985,1.985,1.985,1.985,100,0,0
2020-01-10 09:37:00-05:00,1.985,1.985,1.985,1.985,100,0,0
2020-01-10 09:40:00-05:00,1.985,1.99,1.985,1.99,3000,0,0
2020-01-10 09:43:00-05:00,1.985,1.985,1.985,1.985,1900,0,0
2020-01-10 09:44:00-05:00,1.99,1.99,1.99,1.99,100,0,0
2020-01-10 09:45:00-05:00,1.985,1.985,1.985,1.985,1200,0,0
2020-01-10 09:46:00-05:00,1.985,1.985,1.985,1.985,1600,0,0
2020-01-10 09:47:00-05:00,1.985,1.985,1.985,1.985,900,0,0
2020-01-10 09:48:00-05:00,1.98,1.98,1.98,1.98,700,0,0
2020-01-10 09:49:00-05:00,1.98,1.98,1.96,1.96,12700,0,0
2020-01-10 09:51:00-05:00,1.955,1.965,1.955,1.965,3000,0,0
2020-01-10 09:52:00-05:00,1.965,1.965,1.965,1.965,100,0,0
2020-01-10 09:53:00-05:00,1.965,1.98,1.965,1.98,7425,0,0
2020-01-10 09:54:00-05:00,1.98,1.985,1.98,1.985,1300,0,0
2020-01-10 09:55:00-05:00,1.985,1.985,1.985,1.985,1300,0,0
2020-01-10 09:57:00-05:00,1.98,1.98,1.98,1.98,1100,0,0
2020-01-10 09:58:00-05:00,1.98,1.98,1.98,1.98,200,0,0
2020-01-10 10:00:00-05:00,1.98,1.98,1.98,1.98,400,0,0
2020-01-10 10:01:00-05:00,1.985,1.985,1.985,1.985,700,0,0
2020-01-10 10:02:00-05:00,1.985,1.985,1.985,1.985,200,0,0
2020-01-10 10:03:00-05:00,1.99,2.01,1.985,2.01,5100,0,0
2020-01-10 10:04:00-05:00,2.01,2.01,2.01,2.01,300,0,0
2020-01-10 10:05:00-05:00,2.01,2.015,2.01,2.01,1600,0,0
2020-01-10 10:08:00-05:00,2.01,2.01,2.01,2.01,17700,0,0
2020-01-10 10:11:00-05:00,2.015,2.015,2.015,2.015,100,0,0
2020-01-10 10:12:00-05:00,2.015,2.015,2.01,2.01,8700,0,0
2020-01-10 10:13:00-05:00,2.015,2.015,2.01,2.015,400,0,0
2020-01-10 10:14:00-05:00,2.015,2.02,2.015,2.015,500,0,0
2020-01-10 10:15:00-05:00,2.015,2.015,2.015,2.015,1300,0,0
2020-01-10 10:16:00-05:00,2.015,2.015,2.015,2.015,300,0,0
2020-01-10 10:17:00-05:00,2.015,2.015,2.015,2.015,200,0,0
2020-01-10 10:18:00-05:00,2.015,2.015,2.01,2.01,1900,0,0
2020-01-10 10:19:00-05:00,2.01,2.01,2.005,2.005,500,0,0
2020-01-10 10:20:00-05:00,2.005,2.005,2.005,2.005,600,0,0
2020-01-10 10:21:00-05:00,2.005,2.005,2.005,2.005,700,0,0
2020-01-10 10:23:00-05:00,2.005,2.005,2.005,2.005,1400,0,0
2020-01-10 10:25:00-05:00,2.005,2.005,2.005,2.005,700,0,0
2020-01-10 10:29:00-05:00,2.0,2.0,2.0,2.0,200,0,0
2020-01-10 10:30:00-05:00,2.0,2.005,2.0,2.0,700,0,0
2020-01-10 10:31:00-05:00,2.005,2.005,2.005,2.005,200,0,0
2020-01-10 10:32:00-05:00,2.005,2.005,2.005,2.005,200,0,0
2020-01-10 10:33:00-05:00,2.005,2.005,2.0,2.005,500,0,0
2020-01-10 10:34:00-05:00,2.005,2.005,2.005,2.005,200,0,0
2020-01-10 10:35:00-05:00,2.005,2.005,2.005,2.005,900,0,0
2020-01-10 10:37:00-05:00,2.005,2.005,2.005,2.005,100,0,0
2020-01-10 10:38:00-05:00,2.005,2.005,2.005,2.005,300,0,0
2020-01-10 10:39:00-05:00,2.005,2.01,2.005,2.005,1400,0,0
2020-01-10 10:41:00-05:00,2.0,2.0,2.0,2.0,500,0,0
2020-01-10 10:42:00-05:00,2.0,2.0,2.0,2.0,800,0,0
2020-01-10 10:43:00-05:00,2.0,2.005,2.0,2.0,1100,0,0
2020-01-10 10:44:00-05:00,2.0,2.005,2.0,2.0,800,0,0
2020-01-10 10:45:00-05:00,2.0,2.005,2.0,2.005,400,0,0
2020-01-10 10:46:00-05:00,2.005,2.005,2.005,2.005,200,0,0
2020-01-10 10:47:00-05:00,2.005,2.005,2.0,2.0,500,0,0
2020-01-10 10:48:00-05:00,2.005,2.005,2.005,2.005,200,0,0
2020-01-10 10:49:00-05:00,2.005,2.005,2.005,2.005,200,0,0
2020-01-10 10:50:00-05:00,2.005,2.005,2.005,2.005,100,0,0
2020-01-10 10:51:00-05:00,2.005,2.01,2.005,2.005,3600,0,0
2020-01-10 10:52:00-05:00,2.005,2.005,2.005,2.005,800,0,0
2020-01-10 10:54:00-05:00,2.005,2.005,2.005,2.005,2800,0,0
2020-01-10 10:55:00-05:00,2.005,2.005,2.005,2.005,1800,0,0
2020-01-10 10:56:00-05:00,2.005,2.005,2.005,2.005,200,0,0
2020-01-10 10:58:00-05:00,2.005,2.005,2.005,2.005,100,0,0
2020-01-10 11:00:00-05:00,2.005,2.005,2.005,2.005,500,0,0
2020-01-10 11:01:00-05:00,2.005,2.005,2.005,2.005,100,0,0
2020-01-10 11:03:00-05:00,2.005,2.005,2.005,2.005,100,0,0
2020-01-10 11:04:00-05:00,2.005,2.005,2.005,2.005,100,0,0
2020-01-10 11:05:00-05:00,2.005,2.005,2.005,2.005,200,0,0
2020-01-10 11:06:00-05:00,2.005,2.01,2.005,2.005,5800,0,0
2020-01-10 11:08:00-05:00,2.005,2.005,2.005,2.005,100,0,0
2020-01-10 11:10:00-05:00,2.005,2.005,2.005,2.005,100,0,0
2020-01-10 11:11:00-05:00,2.005,2.005,2.005,2.005,200,0,0
2020-01-10 11:12:00-05:00,2.005,2.005,2.005,2.005,100,0,0
2020-01-10 11:13:00-05:00,2.005,2.01,2.005,2.005,1000,0,0
2020-01-10 11:15:00-05:00,2.005,2.005,2.005,2.005,300,0,0
2020-01-10 11:16:00-05:00,2.005,2.005,2.005,2.005,200,0,0
2020-01-10 11:17:00-05:00,2.005,2.01,2.005,2.01,700,0,0
2020-01-10 11:19:00-05:00,2.005,2.005,2.005,2.005,200,0,0
2020-01-10 11:20:00-05:00,2.005,2.01,2.005,2.01,1900,0,0
2020-01-10 11:24:00-05:00,2.005,2.005,2.005,2.005,100,0,0
2020-01-10 11:25:00-05:00,2.005,2.005,2.005,2.005,400,0,0
2020-01-10 11:26:00-05:00,2.005,2.01,2.005,2.005,400,0,0
2020-01-10 11:27:00-05:00,2.005,2.005,2.005,2.005,200,0,0
2020-01-10 11:28:00-05:00,2.005,2.005,2.005,2.005,200,0,0
2020-01-10 11:29:00-05:00,2.005,2.005,2.005,2.005,200,0,0
2020-01-10 11:30:00-05:00,2.005,2.015,2.005,2.015,1700,0,0
2020-01-10 11:33:00-05:00,2.015,2.015,2.015,2.015,100,0,0
2020-01-10 11:35:00-05:00,2.015,2.025,2.015,2.025,7803,0,0
2020-01-10 11:36:00-05:00,2.025,2.025,2.025,2.025,300,0,0
2020-01-10 11:38:00-05:00,2.025,2.025,2.025,2.025,100,0,0
2020-01-10 11:39:00-05:00,2.025,2.03,2.025,2.025,1300,0,0
2020-01-10 11:40:00-05:00,2.025,2.025,2.025,2.025,200,0,0
2020-01-10 11:43:00-05:00,2.025,2.025,2.025,2.025,300,0,0
2020-01-10 11:44:00-05:00,2.025,2.03,2.025,2.03,200,0,0
2020-01-10 11:49:00-05:00,2.025,2.025,2.025,2.025,600,0,0
2020-01-10 11:50:00-05:00,2.025,2.03,2.025,2.025,1200,0,0
2020-01-10 11:53:00-05:00,2.025,2.025,2.025,2.025,200,0,0
2020-01-10 11:54:00-05:00,2.02,2.02,2.02,2.02,353,0,0
2020-01-10 12:00:00-05:00,2.03,2.03,2.03,2.03,100,0,0
2020-01-10 12:02:00-05:00,2.03,2.03,2.03,2.03,2300,0,0
2020-01-10 12:03:00-05:00,2.03,2.03,2.03,2.03,100,0,0
2020-01-10 12:05:00-05:00,2.03,2.04,2.03,2.04,3400,0,0
2020-01-10 12:08:00-05:00,2.035,2.035,2.035,2.035,200,0,0
2020-01-10 12:09:00-05:00,2.04,2.04,2.04,2.04,200,0,0
2020-01-10 12:11:00-05:00,2.035,2.035,2.035,2.035,100,0,0
2020-01-10 12:13:00-05:00,2.03,2.04,2.03,2.04,2000,0,0
2020-01-10 12:23:00-05:00,2.03,2.04,2.03,2.04,5000,0,0
2020-01-10 12:25:00-05:00,2.04,2.04,2.04,2.04,700,0,0
2020-01-10 12:26:00-05:00,2.04,2.04,2.04,2.04,300,0,0
2020-01-10 12:29:00-05:00,2.035,2.035,2.035,2.035,100,0,0
2020-01-10 12:35:00-05:00,2.03,2.04,2.03,2.04,300,0,0
2020-01-10 12:40:00-05:00,2.03,2.03,2.03,2.03,11500,0,0
2020-01-10 12:42:00-05:00,2.025,2.025,2.025,2.025,100,0,0
2020-01-10 12:45:00-05:00,2.03,2.03,2.03,2.03,200,0,0
2020-01-10 12:46:00-05:00,2.025,2.025,2.025,2.025,300,0,0
2020-01-10 12:49:00-05:00,2.03,2.03,2.03,2.03,100,0,0
2020-01-10 12:50:00-05:00,2.025,2.025,2.025,2.025,200,0,0
2020-01-10 12:51:00-05:00,2.03,2.03,2.03,2.03,100,0,0
2020-01-10 12:53:00-05:00,2.03,2.03,2.03,2.03,100,0,0
2020-01-10 12:54:00-05:00,2.02,2.02,2.02,2.02,1300,0,0
2020-01-10 12:58:00-05:00,2.015,2.02,2.015,2.02,800,0,0
2020-01-10 13:00:00-05:00,2.015,2.02,2.015,2.02,3622,0,0
2020-01-10 13:04:00-05:00,2.015,2.015,2.015,2.015,300,0,0
2020-01-10 13:07:00-05:00,2.015,2.015,2.015,2.015,100,0,0
2020-01-10 13:08:00-05:00,2.015,2.015,2.015,2.015,200,0,0
2020-01-10 13:15:00-05:00,2.015,2.015,2.015,2.015,200,0,0
2020-01-10 13:16:00-05:00,2.015,2.015,2.015,2.015,200,0,0
2020-01-10 13:19:00-05:00,2.02,2.02,2.02,2.02,100,0,0
2020-01-10 13:20:00-05:00,2.02,2.02,2.02,2.02,200,0,0
2020-01-10 13:21:00-05:00,2.02,2.02,2.02,2.02,300,0,0
2020-01-10 13:23:00-05:00,2.02,2.02,2.02,2.02,100,0,0
2020-01-10 13:24:00-05:00,2.02,2.02,2.02,2.02,100,0,0
2020-01-10 13:26:00-05:00,2.02,2.02,2.02,2.02,100,0,0
2020-01-10 13:29:00-05:00,2.02,2.02,2.02,2.02,112,0,0
2020-01-10 13:31:00-05:00,2.02,2.02,2.02,2.02,100,0,0
2020-01-10 13:34:00-05:00,2.02,2.02,2.02,2.02,300,0,0
2020-01-10 13:35:00-05:00,2.02,2.02,2.02,2.02,100,0,0
2020-01-10 13:37:00-05:00,2.02,2.02,2.02,2.02,100,0,0
2020-01-10 13:38:00-05:00,2.02,2.02,2.02,2.02,100,0,0
2020-01-10 13:39:00-05:00,2.02,2.02,2.02,2.02,400,0,0
2020-01-10 13:45:00-05:00,2.02,2.02,2.02,2.02,200,0,0
2020-01-10 13:46:00-05:00,2.02,2.02,2.02,2.02,100,0,0
2020-01-10 13:47:00-05:00,2.015,2.015,2.015,2.015,100,0,0
2020-01-10 13:48:00-05:00,2.01,2.015,2.01,2.015,5600,0,0
2020-01-10 13:49:00-05:00,2.01,2.01,2.01,2.01,100,0,0
2020-01-10 13:51:00-05:00,2.01,2.01,2.01,2.01,200,0,0
2020-01-10 13:54:00-05:00,2.01,2.01,2.01,2.01,300,0,0
2020-01-10 13:56:00-05:00,2.005,2.005,2.005,2.005,100,0,0
2020-01-10 13:57:00-05:00,2.005,2.005,2.005,2.005,300,0,0
2020-01-10 13:58:00-05:00,2.005,2.005,2.005,2.005,100,0,0
2020-01-10 13:59:00-05:00,2.005,2.005,2.005,2.005,400,0,0
2020-01-10 14:03:00-05:00,2.005,2.005,2.005,2.005,400,0,0
2020-01-10 14:22:00-05:00,2.01,2.01,2.01,2.01,100,0,0
2020-01-10 14:23:00-05:00,2.01,2.01,2.01,2.01,100,0,0
2020-01-10 14:29:00-05:00,2.005,2.005,2.005,2.005,300,0,0
2020-01-10 14:30:00-05:00,2.01,2.01,2.01,2.01,7300,0,0
2020-01-10 14:31:00-05:00,2.01,2.01,2.01,2.01,4500,0,0
2020-01-10 14:32:00-05:00,2.015,2.015,2.015,2.015,200,0,0
2020-01-10 14:38:00-05:00,2.015,2.015,2.015,2.015,2800,0,0
2020-01-10 14:45:00-05:00,2.02,2.02,2.02,2.02,100,0,0
2020-01-10 14:46:00-05:00,2.01,2.01,2.01,2.01,2400,0,0
2020-01-10 14:47:00-05:00,2.0,2.0,2.0,2.0,8100,0,0
2020-01-10 14:52:00-05:00,2.01,2.01,2.01,2.01,5200,0,0
2020-01-10 14:54:00-05:00,2.01,2.01,2.01,2.01,180,0,0
2020-01-10 15:01:00-05:00,2.01,2.01,2.01,2.01,9100,0,0
2020-01-10 15:03:00-05:00,2.01,2.01,2.005,2.01,1300,0,0
2020-01-10 15:08:00-05:00,2.01,2.01,2.01,2.01,100,0,0
2020-01-10 15:09:00-05:00,2.01,2.01,2.01,2.01,100,0,0
2020-01-10 15:10:00-05:00,2.01,2.01,2.01,2.01,100,0,0
2020-01-10 15:12:00-05:00,2.0,2.01,2.0,2.01,8400,0,0
2020-01-10 15:13:00-05:00,2.01,2.01,2.01,2.01,100,0,0
2020-01-10 15:14:00-05:00,2.01,2.01,2.01,2.01,100,0,0
2020-01-10 15:19:00-05:00,2.01,2.01,2.01,2.01,400,0,0
2020-01-10 15:20:00-05:00,2.01,2.01,2.01,2.01,1200,0,0
2020-01-10 15:21:00-05:00,2.01,2.01,2.01,2.01,700,0,0
2020-01-10 15:22:00-05:00,2.01,2.01,2.01,2.01,500,0,0
2020-01-10 15:23:00-05:00,2.01,2.01,2.01,2.01,5200,0,0
2020-01-10 15:24:00-05:00,2.02,2.02,2.02,2.02,500,0,0
2020-01-10 15:25:00-05:00,2.02,2.02,2.01,2.01,4500,0,0
2020-01-10 15:26:00-05:00,2.01,2.01,2.01,2.01,600,0,0
2020-01-10 15:27:00-05:00,2.01,2.01,2.005,2.01,1000,0,0
2020-01-10 15:28:00-05:00,2.01,2.015,2.01,2.015,1200,0,0
2020-01-10 15:29:00-05:00,2.015,2.015,2.015,2.015,800,0,0
2020-01-10 15:30:00-05:00,2.015,2.015,2.015,2.015,1200,0,0
2020-01-10 15:32:00-05:00,2.015,2.015,2.015,2.015,1600,0,0
2020-01-10 15:33:00-05:00,2.015,2.015,2.015,2.015,100,0,0
2020-01-10 15:34:00-05:00,2.015,2.015,2.015,2.015,1800,0,0
2020-01-10 15:35:00-05:00,2.02,2.02,2.02,2.02,500,0,0
2020-01-10 15:36:00-05:00,2.02,2.02,2.02,2.02,600,0,0
2020-01-10 15:37:00-05:00,2.02,2.02,2.02,2.02,800,0,0
2020-01-10 15:38:00-05:00,2.02,2.02,2.02,2.02,500,0,0
2020-01-10 15:39:00-05:00,2.02,2.03,2.02,2.03,29400,0,0
2020-01-10 15:40:00-05:00,2.02,2.03,2.02,2.03,900,0,0
2020-01-10 15:41:00-05:00,2.03,2.03,2.03,2.03,1100,0,0
2020-01-10 15:42:00-05:00,2.03,2.03,2.03,2.03,900,0,0
2020-01-10 15:43:00-05:00,2.03,2.03,2.03,2.03,3600,0,0
2020-01-10 15:44:00-05:00,2.035,2.035,2.035,2.035,200,0,0
2020-01-10 15:45:00-05:00,2.04,2.04,2.03,2.03,2200,0,0
2020-01-10 15:46:00-05:00,2.04,2.04,2.04,2.04,1200,0,0
2020-01-10 15:47:00-05:00,2.04,2.04,2.04,2.04,800,0,0
2020-01-10 15:48:00-05:00,2.04,2.04,2.04,2.04,1300,0,0
2020-01-10 15:49:00-05:00,2.04,2.04,2.04,2.04,1300,0,0
2020-01-10 15:50:00-05:00,2.04,2.04,2.04,2.04,4800,0,0
2020-01-10 15:51:00-05:00,2.04,2.04,2.04,2.04,4800,0,0
2020-01-10 15:52:00-05:00,2.04,2.05,2.04,2.05,8400,0,0
2020-01-10 15:53:00-05:00,2.05,2.05,2.04,2.04,18300,0,0
2020-01-10 15:54:00-05:00,2.05,2.05,2.05,2.05,200,0,0
2020-01-10 15:55:00-05:00,2.045,2.045,2.045,2.045,300,0,0
2020-01-10 15:56:00-05:00,2.05,2.05,2.05,2.05,6100,0,0
2020-01-10 15:57:00-05:00,2.055,2.055,2.055,2.055,200,0,0
2020-01-10 15:58:00-05:00,2.06,2.06,2.06,2.06,5100,0,0
2020-01-10 15:59:00-05:00,2.06,2.07,2.06,2.06,16310,0,0
2020-01-13 09:30:00-05:00,2.07,2.09,2.07,2.08,0,0,0
2020-01-13 09:32:00-05:00,2.07,2.075,2.07,2.07,31700,0,0
2020-01-13 09:33:00-05:00,2.07,2.075,2.07,2.07,20800,0,0
2020-01-13 09:34:00-05:00,2.07,2.07,2.07,2.07,40300,0,0
2020-01-13 09:35:00-05:00,2.07,2.07,2.05,2.05,6219,0,0
2020-01-13 09:36:00-05:00,2.05,2.06,2.05,2.06,17322,0,0
2020-01-13 09:37:00-05:00,2.06,2.06,2.06,2.06,1300,0,0
2020-01-13 09:38:00-05:00,2.07,2.07,2.07,2.07,12800,0,0
2020-01-13 09:39:00-05:00,2.08,2.08,2.07,2.07,2700,0,0
2020-01-13 09:40:00-05:00,2.07,2.07,2.07,2.07,2600,0,0
2020-01-13 09:41:00-05:00,2.07,2.07,2.07,2.07,3000,0,0
2020-01-13 09:42:00-05:00,2.07,2.08,2.07,2.08,4100,0,0
2020-01-13 09:44:00-05:00,2.08,2.08,2.08,2.08,4300,0,0
2020-01-13 09:45:00-05:00,2.08,2.09,2.08,2.09,5400,0,0
2020-01-13 09:46:00-05:00,2.09,2.09,2.09,2.09,200,0,0
2020-01-13 09:47:00-05:00,2.09,2.09,2.09,2.09,8900,0,0
2020-01-13 09:48:00-05:00,2.09,2.09,2.09,2.09,1200,0,0
2020-01-13 09:50:00-05:00,2.09,2.09,2.09,2.09,100,0,0
2020-01-13 09:52:00-05:00,2.08,2.08,2.08,2.08,2600,0,0
2020-01-13 09:58:00-05:00,2.08,2.08,2.07,2.07,13500,0,0
2020-01-13 09:59:00-05:00,2.07,2.08,2.07,2.08,9900,0,0
2020-01-13 10:02:00-05:00,2.07,2.07,2.07,2.07,9200,0,0
2020-01-13 10:03:00-05:00,2.06,2.06,2.06,2.06,3106,0,0
2020-01-13 10:04:00-05:00,2.07,2.07,2.07,2.07,6800,0,0
2020-01-13 10:05:00-05:00,2.07,2.07,2.07,2.07,3300,0,0
2020-01-13 10:08:00-05:00,2.07,2.07,2.07,2.07,9500,0,0
2020-01-13 10:12:00-05:00,2.08,2.08,2.08,2.08,100,0,0
2020-01-13 10:13:00-05:00,2.08,2.08,2.08,2.08,1000,0,0
2020-01-13 10:14:00-05:00,2.08,2.08,2.08,2.08,6500,0,0
2020-01-13 10:15:00-05:00,2.08,2.09,2.08,2.08,3400,0,0
2020-01-13 10:20:00-05:00,2.07,2.07,2.06,2.06,35428,0,0
2020-01-13 10:24:00-05:00,2.07,2.07,2.07,2.07,128,0,0
2020-01-13 10:27:00-05:00,2.07,2.07,2.07,2.07,700,0,0
2020-01-13 10:30:00-05:00,2.065,2.065,2.065,2.065,100,0,0
2020-01-13 10:32:00-05:00,2.06,2.06,2.06,2.06,300,0,0
2020-01-13 10:38:00-05:00,2.065,2.065,2.065,2.065,100,0,0
2020-01-13 10:44:00-05:00,2.07,2.07,2.07,2.07,100,0,0
2020-01-13 10:45:00-05:00,2.07,2.08,2.07,2.08,5300,0,0
2020-01-13 10:51:00-05:00,2.08,2.08,2.08,2.08,200,0,0
2020-01-13 10:52:00-05:00,2.07,2.07,2.07,2.07,6100,0,0
2020-01-13 10:53:00-05:00,2.07,2.07,2.07,2.07,300,0,0
2020-01-13 10:54:00-05:00,2.08,2.08,2.08,2.08,100,0,0
2020-01-13 10:55:00-05:00,2.07,2.07,2.07,2.07,18800,0,0
2020-01-13 10:56:00-05:00,2.07,2.07,2.07,2.07,6700,0,0
2020-01-13 10:58:00-05:00,2.07,2.07,2.07,2.07,100,0,0
2020-01-13 11:07:00-05:00,2.06,2.06,2.06,2.06,100,0,0
2020-01-13 11:18:00-05:00,2.065,2.065,2.065,2.065,100,0,0
2020-01-13 11:21:00-05:00,2.07,2.07,2.07,2.07,200,0,0
2020-01-13 11:23:00-05:00,2.06,2.06,2.06,2.06,200,0,0
2020-01-13 11:27:00-05:00,2.06,2.06,2.06,2.06,2124,0,0
2020-01-13 11:28:00-05:00,2.05,2.05,2.05,2.05,800,0,0
2020-01-13 11:36:00-05:00,2.06,2.06,2.055,2.055,300,0,0
2020-01-13 11:37:00-05:00,2.055,2.055,2.055,2.055,2000,0,0
2020-01-13 11:38:00-05:00,2.055,2.055,2.055,2.055,300,0,0
2020-01-13 11:39:00-05:00,2.06,2.06,2.06,2.06,6400,0,0
2020-01-13 11:41:00-05:00,2.06,2.06,2.06,2.06,300,0,0
2020-01-13 11:46:00-05:00,2.06,2.06,2.05,2.05,7735,0,0
2020-01-13 11:50:00-05:00,2.06,2.06,2.06,2.06,3100,0,0
2020-01-13 11:51:00-05:00,2.055,2.06,2.055,2.06,4600,0,0
2020-01-13 11:52:00-05:00,2.06,2.06,2.06,2.06,800,0,0
2020-01-13 11:55:00-05:00,2.065,2.065,2.065,2.065,100,0,0
2020-01-13 11:58:00-05:00,2.06,2.06,2.06,2.06,5500,0,0
2020-01-13 12:01:00-05:00,2.06,2.06,2.06,2.06,1500,0,0
2020-01-13 12:02:00-05:00,2.06,2.06,2.06,2.06,700,0,0
2020-01-13 12:03:00-05:00,2.06,2.06,2.06,2.06,1800,0,0
2020-01-13 12:04:00-05:00,2.06,2.06,2.06,2.06,1000,0,0
2020-01-13 12:05:00-05:00,2.05,2.06,2.05,2.06,1500,0,0
2020-01-13 12:08:00-05:00,2.065,2.065,2.065,2.065,100,0,0
2020-01-13 12:09:00-05:00,2.065,2.065,2.065,2.065,100,0,0
2020-01-13 12:12:00-05:00,2.07,2.07,2.07,2.07,500,0,0
2020-01-13 12:14:00-05:00,2.07,2.07,2.06,2.06,10800,0,0
2020-01-13 12:23:00-05:00,2.07,2.07,2.07,2.07,100,0,0
2020-01-13 12:26:00-05:00,2.06,2.06,2.06,2.06,1700,0,0
2020-01-13 12:29:00-05:00,2.05,2.05,2.04,2.04,17600,0,0
2020-01-13 12:34:00-05:00,2.05,2.05,2.05,2.05,100,0,0
2020-01-13 12:39:00-05:00,2.05,2.05,2.05,2.05,7500,0,0
2020-01-13 12:44:00-05:00,2.04,2.04,2.04,2.04,100,0,0
2020-01-13 12:50:00-05:00,2.04,2.04,2.04,2.04,100,0,0
2020-01-13 12:52:00-05:00,2.04,2.04,2.03,2.03,3400,0,0
2020-01-13 12:56:00-05:00,2.03,2.03,2.03,2.03,1500,0,0
2020-01-13 12:58:00-05:00,2.04,2.04,2.04,2.04,100,0,0
2020-01-13 13:03:00-05:00,2.03,2.03,2.03,2.03,2200,0,0
2020-01-13 13:04:00-05:00,2.03,2.03,2.03,2.03,100,0,0
2020-01-13 13:05:00-05:00,2.03,2.04,2.03,2.04,74200,0,0
2020-01-13 13:09:00-05:00,2.03,2.03,2.02,2.02,5900,0,0
2020-01-13 13:10:00-05:00,2.02,2.03,2.02,2.03,3700,0,0
2020-01-13 13:15:00-05:00,2.03,2.03,2.03,2.03,100,0,0
2020-01-13 13:17:00-05:00,2.03,2.03,2.03,2.03,200,0,0
2020-01-13 13:20:00-05:00,2.03,2.03,2.03,2.03,1000,0,0
2020-01-13 13:21:00-05:00,2.03,2.03,2.03,2.03,100,0,0
2020-01-13 13:24:00-05:00,2.03,2.03,2.02,2.02,897,0,0
2020-01-13 13:29:00-05:00,2.025,2.025,2.02,2.02,1100,0,0
2020-01-13 13:32:00-05:00,2.02,2.02,2.02,2.02,1000,0,0
2020-01-13 13:35:00-05:00,2.02,2.02,2.02,2.02,1300,0,0
2020-01-13 13:38:00-05:00,2.03,2.03,2.03,2.03,100,0,0
2020-01-13 13:46:00-05:00,2.03,2.03,2.03,2.03,20000,0,0
2020-01-13 13:47:00-05:00,2.03,2.03,2.03,2.03,10000,0,0
2020-01-13 13:58:00-05:00,2.03,2.03,2.03,2.03,100,0,0
2020-01-13 14:03:00-05:00,2.025,2.025,2.025,2.025,100,0,0
2020-01-13 14:09:00-05:00,2.025,2.025,2.025,2.025,100,0,0
2020-01-13 14:10:00-05:00,2.03,2.03,2.03,2.03,100,0,0
2020-01-13 14:14:00-05:00,2.025,2.025,2.02,2.02,37700,0,0
2020-01-13 14:15:00-05:00,2.01,2.01,2.01,2.01,1900,0,0
2020-01-13 14:16:00-05:00,2.01,2.01,2.01,2.01,6800,0,0
2020-01-13 14:20:00-05:00,2.01,2.01,2.01,2.01,7800,0,0
2020-01-13 14:23:00-05:00,2.01,2.01,2.01,2.01,1000,0,0
2020-01-13 14:24:00-05:00,2.01,2.01,2.01,2.01,4700,0,0
2020-01-13 14:38:00-05:00,2.02,2.02,2.02,2.02,100,0,0
2020-01-13 14:41:00-05:00,2.02,2.02,2.02,2.02,100,0,0
2020-01-13 14:42:00-05:00,2.02,2.02,2.02,2.02,1800,0,0
2020-01-13 14:43:00-05:00,2.02,2.02,2.02,2.02,10100,0,0
2020-01-13 14:44:00-05:00,2.02,2.02,2.02,2.02,200,0,0
2020-01-13 14:46:00-05:00,2.02,2.02,2.02,2.02,100,0,0
2020-01-13 14:47:00-05:00,2.02,2.02,2.02,2.02,300,0,0
2020-01-13 14:48:00-05:00,2.01,2.01,2.01,2.01,12900,0,0
2020-01-13 14:50:00-05:00,2.01,2.01,2.01,2.01,44500,0,0
2020-01-13 14:58:00-05:00,2.01,2.01,2.01,2.01,13800,0,0
2020-01-13 15:00:00-05:00,2.02,2.02,2.02,2.02,100,0,0
2020-01-13 15:06:00-05:00,2.02,2.02,2.02,2.02,1700,0,0
2020-01-13 15:07:00-05:00,2.02,2.02,2.02,2.02,200,0,0
2020-01-13 15:08:00-05:00,2.02,2.02,2.02,2.02,100,0,0
2020-01-13 15:11:00-05:00,2.02,2.02,2.02,2.02,200,0,0
2020-01-13 15:24:00-05:00,2.02,2.02,2.02,2.02,100,0,0
2020-01-13 15:26:00-05:00,2.015,2.015,2.01,2.01,2400,0,0
2020-01-13 15:31:00-05:00,2.02,2.02,2.02,2.02,100,0,0
2020-01-13 15:40:00-05:00,2.02,2.02,2.02,2.02,100,0,0
2020-01-13 15:43:00-05:00,2.02,2.02,2.02,2.02,200,0,0
2020-01-13 15:47:00-05:00,2.02,2.02,2.02,2.02,100,0,0
2020-01-13 15:48:00-05:00,2.02,2.02,2.02,2.02,100,0,0
2020-01-13 15:51:00-05:00,2.02,2.02,2.02,2.02,200,0,0
2020-01-13 15:53:00-05:00,2.02,2.02,2.02,2.02,100,0,0
2020-01-13 15:54:00-05:00,2.02,2.02,2.02,2.02,200,0,0
2020-01-13 15:57:00-05:00,2.02,2.02,2.02,2.02,200,0,0
2020-01-13 15:58:00-05:00,2.015,2.02,2.015,2.02,200,0,0
2020-01-13 15:59:00-05:00,2.02,2.02,2.01,2.02,13846,0,0
2020-01-14 09:30:00-05:00,1.99,2.02,1.99,1.99,0,0,0
2020-01-14 09:31:00-05:00,1.99,1.99,1.99,1.99,2300,0,0
2020-01-14 09:34:00-05:00,2.0,2.0,1.99,1.99,1257,0,0
2020-01-14 09:38:00-05:00,2.0,2.0,2.0,2.0,11800,0,0
2020-01-14 09:39:00-05:00,2.0,2.0,2.0,2.0,3200,0,0
2020-01-14 09:50:00-05:00,2.01,2.01,2.01,2.01,700,0,0
2020-01-14 09:51:00-05:00,2.01,2.01,2.01,2.01,500,0,0
2020-01-14 09:52:00-05:00,2.02,2.02,2.02,2.02,7900,0,0
2020-01-14 09:53:00-05:00,2.03,2.03,2.03,2.03,400,0,0
2020-01-14 09:55:00-05:00,2.02,2.02,2.02,2.02,1885,0,0
2020-01-14 10:00:00-05:00,2.02,2.02,2.02,2.02,200,0,0
2020-01-14 10:03:00-05:00,2.02,2.02,2.02,2.02,2200,0,0
2020-01-14 10:11:00-05:00,2.03,2.03,2.03,2.03,700,0,0
2020-01-14 10:15:00-05:00,2.03,2.03,2.03,2.03,100,0,0
2020-01-14 10:19:00-05:00,2.04,2.04,2.04,2.04,200,0,0
2020-01-14 10:22:00-05:00,2.035,2.035,2.03,2.03,300,0,0
2020-01-14 10:23:00-05:00,2.03,2.03,2.03,2.03,300,0,0
2020-01-14 10:24:00-05:00,2.03,2.03,2.03,2.03,400,0,0
2020-01-14 10:27:00-05:00,2.03,2.03,2.03,2.03,200,0,0
2020-01-14 10:36:00-05:00,2.02,2.02,2.02,2.02,2500,0,0
2020-01-14 10:37:00-05:00,2.02,2.02,2.02,2.02,200,0,0
2020-01-14 10:40:00-05:00,2.015,2.015,2.015,2.015,5500,0,0
2020-01-14 10:42:00-05:00,2.02,2.02,2.02,2.02,1800,0,0
2020-01-14 10:43:00-05:00,2.02,2.02,2.02,2.02,2600,0,0
2020-01-14 10:49:00-05:00,2.03,2.03,2.03,2.03,100,0,0
2020-01-14 10:50:00-05:00,2.04,2.04,2.04,2.04,600,0,0
2020-01-14 10:51:00-05:00,2.04,2.04,2.04,2.04,200,0,0
2020-01-14 10:57:00-05:00,2.04,2.04,2.04,2.04,300,0,0
2020-01-14 11:04:00-05:00,2.04,2.04,2.04,2.04,0,0,0
2020-01-14 11:19:00-05:00,2.035,2.035,2.03,2.03,59842,0,0
2020-01-14 11:32:00-05:00,2.04,2.04,2.04,2.04,1700,0,0
2020-01-14 11:37:00-05:00,2.045,2.045,2.04,2.04,1900,0,0
2020-01-14 11:47:00-05:00,2.04,2.04,2.04,2.04,700,0,0
2020-01-14 11:50:00-05:00,2.04,2.04,2.04,2.04,200,0,0
2020-01-14 11:52:00-05:00,2.04,2.04,2.04,2.04,100,0,0
2020-01-14 11:53:00-05:00,2.04,2.04,2.04,2.04,200,0,0
2020-01-14 11:54:00-05:00,2.035,2.035,2.03,2.03,3400,0,0
2020-01-14 11:56:00-05:00,2.03,2.03,2.03,2.03,100,0,0
2020-01-14 11:57:00-05:00,2.03,2.03,2.03,2.03,300,0,0
2020-01-14 11:58:00-05:00,2.03,2.03,2.03,2.03,1200,0,0
2020-01-14 11:59:00-05:00,2.03,2.035,2.03,2.03,10900,0,0
2020-01-14 12:08:00-05:00,2.03,2.03,2.03,2.03,200,0,0
2020-01-14 12:09:00-05:00,2.04,2.04,2.04,2.04,5700,0,0
2020-01-14 12:10:00-05:00,2.04,2.04,2.04,2.04,100,0,0
2020-01-14 12:12:00-05:00,2.03,2.03,2.03,2.03,3400,0,0
2020-01-14 12:14:00-05:00,2.03,2.03,2.03,2.03,200,0,0
2020-01-14 12:15:00-05:00,2.02,2.02,2.02,2.02,3900,0,0
2020-01-14 12:18:00-05:00,2.02,2.02,2.02,2.02,100,0,0
2020-01-14 12:20:00-05:00,2.02,2.02,2.02,2.02,100,0,0
2020-01-14 12:37:00-05:00,2.02,2.02,2.02,2.02,100,0,0
2020-01-14 12:41:00-05:00,2.02,2.02,2.02,2.02,1300,0,0
2020-01-14 12:44:00-05:00,2.02,2.02,2.02,2.02,100,0,0
2020-01-14 13:06:00-05:00,2.01,2.01,2.01,2.01,1000,0,0
2020-01-14 13:07:00-05:00,2.01,2.01,2.01,2.01,200,0,0
2020-01-14 13:17:00-05:00,2.01,2.01,2.01,2.01,13600,0,0
2020-01-14 13:22:00-05:00,2.01,2.01,2.01,2.01,8451,0,0
2020-01-14 13:26:00-05:00,2.01,2.01,2.01,2.01,100,0,0
2020-01-14 13:28:00-05:00,2.01,2.01,2.01,2.01,1000,0,0
2020-01-14 13:29:00-05:00,2.01,2.01,2.01,2.01,200,0,0
2020-01-14 13:30:00-05:00,2.01,2.015,2.01,2.015,67000,0,0
2020-01-14 13:37:00-05:00,2.02,2.02,2.02,2.02,100,0,0
2020-01-14 13:41:00-05:00,2.02,2.02,2.02,2.02,0,0,0
2020-01-14 13:44:00-05:00,2.02,2.02,2.02,2.02,196569,0,0
2020-01-14 14:01:00-05:00,2.02,2.02,2.02,2.02,2000,0,0
2020-01-14 14:03:00-05:00,2.03,2.03,2.03,2.03,100,0,0
2020-01-14 14:08:00-05:00,2.03,2.03,2.03,2.03,900,0,0
2020-01-14 14:12:00-05:00,2.03,2.03,2.03,2.03,2600,0,0
2020-01-14 14:13:00-05:00,2.03,2.04,2.03,2.04,11500,0,0
2020-01-14 14:21:00-05:00,2.04,2.04,2.04,2.04,10000,0,0
2020-01-14 14:32:00-05:00,2.045,2.045,2.04,2.04,9900,0,0
2020-01-14 14:43:00-05:00,2.045,2.045,2.04,2.04,500,0,0
2020-01-14 14:53:00-05:00,2.04,2.04,2.04,2.04,1900,0,0
2020-01-14 14:54:00-05:00,2.035,2.035,2.03,2.03,600,0,0
2020-01-14 14:55:00-05:00,2.02,2.025,2.02,2.02,12700,0,0
2020-01-14 14:56:00-05:00,2.01,2.01,2.01,2.01,5500,0,0
2020-01-14 14:57:00-05:00,2.02,2.02,2.02,2.02,10200,0,0
2020-01-14 14:58:00-05:00,2.02,2.025,2.02,2.025,2100,0,0
2020-01-14 14:59:00-05:00,2.025,2.025,2.025,2.025,100,0,0
2020-01-14 15:00:00-05:00,2.025,2.025,2.025,2.025,900,0,0
2020-01-14 15:01:00-05:00,2.025,2.025,2.015,2.015,4181,0,0
2020-01-14 15:13:00-05:00,2.015,2.015,2.015,2.015,400,0,0
2020-01-14 15:14:00-05:00,2.01,2.01,2.01,2.01,6000,0,0
2020-01-14 15:15:00-05:00,2.005,2.005,2.005,2.005,300,0,0
2020-01-14 15:26:00-05:00,2.0,2.0,2.0,2.0,42320,0,0
2020-01-14 15:27:00-05:00,2.0,2.0,1.985,1.985,100350,0,0
2020-01-14 15:28:00-05:00,1.99,1.99,1.99,1.99,700,0,0
2020-01-14 15:29:00-05:00,1.99,1.99,1.99,1.99,600,0,0
2020-01-14 15:30:00-05:00,2.0,2.0,1.985,1.99,5200,0,0
2020-01-14 15:32:00-05:00,1.985,1.99,1.985,1.99,12000,0,0
2020-01-14 15:33:00-05:00,1.99,1.99,1.99,1.99,10000,0,0
2020-01-14 15:34:00-05:00,1.99,1.99,1.99,1.99,200,0,0
2020-01-14 15:36:00-05:00,1.99,1.99,1.99,1.99,100,0,0
2020-01-14 15:38:00-05:00,1.99,1.99,1.99,1.99,200,0,0
2020-01-14 15:42:00-05:00,1.99,1.99,1.98,1.98,18889,0,0
2020-01-14 15:43:00-05:00,1.98,1.98,1.98,1.98,1200,0,0
2020-01-14 15:45:00-05:00,1.98,1.98,1.98,1.98,9800,0,0
2020-01-14 15:46:00-05:00,1.98,1.98,1.98,1.98,500,0,0
2020-01-14 15:49:00-05:00,1.98,1.98,1.98,1.98,4400,0,0
2020-01-14 15:50:00-05:00,1.98,1.98,1.98,1.98,4200,0,0
2020-01-14 15:51:00-05:00,1.98,1.98,1.98,1.98,100,0,0
2020-01-14 15:53:00-05:00,1.98,1.98,1.98,1.98,300,0,0
2020-01-14 15:54:00-05:00,1.98,1.98,1.98,1.98,100,0,0
2020-01-14 15:55:00-05:00,1.98,1.98,1.97,1.97,49200,0,0
2020-01-14 15:56:00-05:00,1.97,1.97,1.96,1.96,10700,0,0
2020-01-14 15:57:00-05:00,1.96,1.96,1.96,1.96,19100,0,0
2020-01-14 15:58:00-05:00,1.96,1.96,1.955,1.955,21000,0,0
2020-01-14 15:59:00-05:00,1.96,1.96,1.95,1.95,26137,0,0
2020-01-15 09:30:00-05:00,1.96,1.98,1.96,1.98,0,0,0
2020-01-15 09:31:00-05:00,1.98,1.99,1.98,1.99,33400,0,0
2020-01-15 09:32:00-05:00,1.99,1.99,1.99,1.99,5500,0,0
2020-01-15 09:33:00-05:00,1.99,1.99,1.99,1.99,22500,0,0
2020-01-15 09:34:00-05:00,1.99,1.99,1.99,1.99,300,0,0
2020-01-15 09:35:00-05:00,1.99,1.99,1.99,1.99,16500,0,0
2020-01-15 09:37:00-05:00,1.995,1.995,1.995,1.995,7000,0,0
2020-01-15 09:38:00-05:00,1.995,1.995,1.995,1.995,100,0,0
2020-01-15 09:40:00-05:00,2.0,2.0,2.0,2.0,11700,0,0
2020-01-15 09:43:00-05:00,2.01,2.01,2.01,2.01,10300,0,0
2020-01-15 09:46:00-05:00,2.01,2.01,2.01,2.01,20300,0,0
2020-01-15 09:47:00-05:00,2.01,2.01,2.01,2.01,3800,0,0
2020-01-15 09:48:00-05:00,2.01,2.01,2.01,2.01,3552,0,0
2020-01-15 09:49:00-05:00,2.01,2.01,2.01,2.01,8200,0,0
2020-01-15 09:50:00-05:00,2.01,2.01,2.01,2.01,4300,0,0
2020-01-15 09:51:00-05:00,2.01,2.01,2.01,2.01,26100,0,0
2020-01-15 09:52:00-05:00,2.01,2.01,2.0,2.0,12780,0,0
2020-01-15 09:54:00-05:00,1.99,1.99,1.99,1.99,400,0,0
2020-01-15 09:57:00-05:00,1.985,1.985,1.985,1.985,100,0,0
2020-01-15 09:58:00-05:00,1.99,1.99,1.99,1.99,100,0,0
2020-01-15 09:59:00-05:00,1.98,1.98,1.98,1.98,30200,0,0
2020-01-15 10:00:00-05:00,1.98,1.98,1.98,1.98,400,0,0
2020-01-15 10:04:00-05:00,1.98,1.98,1.98,1.98,100,0,0
2020-01-15 10:06:00-05:00,1.98,1.98,1.98,1.98,200,0,0
2020-01-15 10:08:00-05:00,1.98,1.98,1.98,1.98,100,0,0
2020-01-15 10:09:00-05:00,1.98,1.98,1.98,1.98,200,0,0
2020-01-15 10:10:00-05:00,1.98,1.98,1.97,1.97,1450,0,0
2020-01-15 10:13:00-05:00,1.98,1.98,1.98,1.98,200,0,0
2020-01-15 10:14:00-05:00,1.98,1.98,1.98,1.98,200,0,0
2020-01-15 10:16:00-05:00,1.98,1.98,1.98,1.98,200,0,0
2020-01-15 10:19:00-05:00,1.98,1.98,1.98,1.98,200,0,0
2020-01-15 10:20:00-05:00,1.98,1.98,1.98,1.98,100,0,0
2020-01-15 10:22:00-05:00,1.98,1.98,1.98,1.98,800,0,0
2020-01-15 10:23:00-05:00,1.98,1.98,1.98,1.98,300,0,0
2020-01-15 10:26:00-05:00,1.98,1.98,1.98,1.98,200,0,0
2020-01-15 10:28:00-05:00,1.98,1.98,1.98,1.98,4400,0,0
2020-01-15 10:29:00-05:00,1.98,1.99,1.98,1.99,7000,0,0
2020-01-15 10:32:00-05:00,1.98,1.98,1.98,1.98,200,0,0
2020-01-15 10:34:00-05:00,1.98,1.98,1.98,1.98,200,0,0
2020-01-15 10:37:00-05:00,1.98,1.98,1.975,1.975,2700,0,0
2020-01-15 10:39:00-05:00,1.97,1.97,1.97,1.97,13000,0,0
2020-01-15 10:41:00-05:00,1.96,1.96,1.96,1.96,6300,0,0
2020-01-15 10:42:00-05:00,1.96,1.96,1.955,1.96,4300,0,0
2020-01-15 10:45:00-05:00,1.97,1.97,1.97,1.97,3100,0,0
2020-01-15 10:49:00-05:00,1.97,1.97,1.97,1.97,300,0,0
2020-01-15 10:50:00-05:00,1.97,1.97,1.97,1.97,100,0,0
2020-01-15 10:51:00-05:00,1.97,1.975,1.97,1.97,11400,0,0
2020-01-15 10:55:00-05:00,1.97,1.97,1.97,1.97,800,0,0
2020-01-15 10:57:00-05:00,1.97,1.97,1.97,1.97,200,0,0
2020-01-15 11:05:00-05:00,1.97,1.97,1.97,1.97,2500,0,0
2020-01-15 11:07:00-05:00,1.97,1.97,1.97,1.97,100,0,0
2020-01-15 11:09:00-05:00,1.97,1.97,1.97,1.97,100,0,0
2020-01-15 11:17:00-05:00,1.97,1.97,1.97,1.97,500,0,0
2020-01-15 11:18:00-05:00,1.96,1.96,1.96,1.96,100,0,0
2020-01-15 11:19:00-05:00,1.97,1.97,1.97,1.97,100,0,0
2020-01-15 11:23:00-05:00,1.97,1.97,1.97,1.97,300,0,0
2020-01-15 11:24:00-05:00,1.97,1.97,1.97,1.97,100,0,0
2020-01-15 11:25:00-05:00,1.97,1.97,1.97,1.97,100,0,0
2020-01-15 11:26:00-05:00,1.96,1.96,1.96,1.96,100,0,0
2020-01-15 11:27:00-05:00,1.97,1.975,1.97,1.975,3600,0,0
2020-01-15 11:28:00-05:00,1.97,1.97,1.97,1.97,1400,0,0
2020-01-15 11:29:00-05:00,1.97,1.97,1.97,1.97,200,0,0
2020-01-15 11:30:00-05:00,1.97,1.97,1.97,1.97,100,0,0
2020-01-15 11:32:00-05:00,1.97,1.97,1.97,1.97,100,0,0
2020-01-15 11:34:00-05:00,1.97,1.97,1.97,1.97,100,0,0
2020-01-15 11:35:00-05:00,1.97,1.97,1.97,1.97,100,0,0
2020-01-15 11:49:00-05:00,1.97,1.97,1.97,1.97,100,0,0
2020-01-15 11:50:00-05:00,1.97,1.97,1.97,1.97,200,0,0
2020-01-15 11:51:00-05:00,1.97,1.97,1.97,1.97,100,0,0
2020-01-15 11:52:00-05:00,1.97,1.97,1.97,1.97,400,0,0
2020-01-15 11:56:00-05:00,1.98,1.98,1.98,1.98,2700,0,0
2020-01-15 11:57:00-05:00,1.98,1.98,1.98,1.98,300,0,0
2020-01-15 11:58:00-05:00,1.98,1.98,1.98,1.98,100,0,0
2020-01-15 12:02:00-05:00,1.98,1.98,1.97,1.97,12900,0,0
2020-01-15 12:03:00-05:00,1.96,1.96,1.96,1.96,6900,0,0
2020-01-15 12:07:00-05:00,1.96,1.96,1.96,1.96,100,0,0
2020-01-15 12:08:00-05:00,1.96,1.96,1.96,1.96,200,0,0
2020-01-15 12:12:00-05:00,1.96,1.965,1.96,1.965,6200,0,0
2020-01-15 12:16:00-05:00,1.96,1.96,1.96,1.96,100,0,0
2020-01-15 12:22:00-05:00,1.96,1.96,1.96,1.96,2400,0,0
2020-01-15 12:33:00-05:00,1.965,1.965,1.965,1.965,100,0,0
2020-01-15 12:34:00-05:00,1.965,1.965,1.965,1.965,100,0,0
2020-01-15 12:35:00-05:00,1.97,1.97,1.97,1.97,400,0,0
2020-01-15 12:43:00-05:00,1.96,1.96,1.96,1.96,100,0,0
2020-01-15 12:44:00-05:00,1.97,1.97,1.97,1.97,100,0,0
2020-01-15 12:46:00-05:00,1.97,1.97,1.97,1.97,100,0,0
2020-01-15 12:47:00-05:00,1.97,1.97,1.97,1.97,400,0,0
2020-01-15 12:49:00-05:00,1.965,1.965,1.96,1.96,6500,0,0
2020-01-15 12:52:00-05:00,1.96,1.96,1.96,1.96,100,0,0
2020-01-15 12:53:00-05:00,1.96,1.96,1.96,1.96,100,0,0
2020-01-15 12:54:00-05:00,1.96,1.96,1.96,1.96,100,0,0
2020-01-15 12:56:00-05:00,1.96,1.96,1.96,1.96,5900,0,0
2020-01-15 12:58:00-05:00,1.96,1.96,1.96,1.96,100,0,0
2020-01-15 13:01:00-05:00,1.96,1.96,1.96,1.96,100,0,0
2020-01-15 13:02:00-05:00,1.96,1.96,1.96,1.96,1400,0,0
2020-01-15 13:04:00-05:00,1.96,1.96,1.96,1.96,1000,0,0
2020-01-15 13:11:00-05:00,1.95,1.95,1.95,1.95,10000,0,0
2020-01-15 13:14:00-05:00,1.95,1.95,1.95,1.95,100,0,0
2020-01-15 13:15:00-05:00,1.96,1.96,1.96,1.96,100,0,0
2020-01-15 13:17:00-05:00,1.96,1.96,1.96,1.96,100,0,0
2020-01-15 13:19:00-05:00,1.96,1.97,1.96,1.96,4600,0,0
2020-01-15 13:20:00-05:00,1.95,1.96,1.95,1.96,200,0,0
2020-01-15 13:30:00-05:00,1.95,1.95,1.95,1.95,5000,0,0
2020-01-15 13:33:00-05:00,1.96,1.96,1.96,1.96,100,0,0
2020-01-15 13:35:00-05:00,1.96,1.96,1.96,1.96,100,0,0
2020-01-15 13:37:00-05:00,1.96,1.96,1.96,1.96,300,0,0
2020-01-15 13:44:00-05:00,1.96,1.96,1.96,1.96,100,0,0
2020-01-15 13:46:00-05:00,1.96,1.96,1.96,1.96,100,0,0
2020-01-15 13:48:00-05:00,1.96,1.96,1.96,1.96,100,0,0
2020-01-15 13:49:00-05:00,1.96,1.96,1.96,1.96,1700,0,0
2020-01-15 13:50:00-05:00,1.96,1.96,1.96,1.96,5600,0,0
2020-01-15 13:51:00-05:00,1.96,1.96,1.96,1.96,100,0,0
2020-01-15 13:52:00-05:00,1.95,1.95,1.95,1.95,3400,0,0
2020-01-15 14:03:00-05:00,1.96,1.96,1.96,1.96,100,0,0
2020-01-15 14:04:00-05:00,1.96,1.96,1.96,1.96,100,0,0
2020-01-15 14:05:00-05:00,1.96,1.96,1.96,1.96,100,0,0
2020-01-15 14:07:00-05:00,1.96,1.96,1.96,1.96,100,0,0
2020-01-15 14:09:00-05:00,1.96,1.96,1.96,1.96,100,0,0
2020-01-15 14:10:00-05:00,1.95,1.95,1.93,1.93,30205,0,0
2020-01-15 14:11:00-05:00,1.94,1.94,1.94,1.94,100,0,0
2020-01-15 14:12:00-05:00,1.94,1.94,1.94,1.94,1500,0,0
2020-01-15 14:15:00-05:00,1.94,1.94,1.94,1.94,3300,0,0
2020-01-15 14:16:00-05:00,1.95,1.95,1.95,1.95,200,0,0
2020-01-15 14:23:00-05:00,1.95,1.95,1.95,1.95,100,0,0
2020-01-15 14:26:00-05:00,1.95,1.95,1.95,1.95,100,0,0
2020-01-15 14:28:00-05:00,1.95,1.95,1.95,1.95,100,0,0
2020-01-15 14:30:00-05:00,1.95,1.95,1.95,1.95,1200,0,0
2020-01-15 14:31:00-05:00,1.95,1.96,1.95,1.96,600,0,0
2020-01-15 14:34:00-05:00,1.96,1.96,1.96,1.96,200,0,0
2020-01-15 14:35:00-05:00,1.95,1.95,1.95,1.95,2600,0,0
2020-01-15 14:37:00-05:00,1.94,1.94,1.94,1.94,4600,0,0
2020-01-15 14:38:00-05:00,1.95,1.95,1.94,1.94,300,0,0
2020-01-15 14:42:00-05:00,1.94,1.94,1.935,1.935,6200,0,0
2020-01-15 14:43:00-05:00,1.935,1.94,1.935,1.935,6500,0,0
2020-01-15 14:44:00-05:00,1.935,1.935,1.935,1.935,100,0,0
2020-01-15 14:46:00-05:00,1.94,1.94,1.94,1.94,100,0,0
2020-01-15 14:47:00-05:00,1.94,1.94,1.94,1.94,2000,0,0
2020-01-15 14:49:00-05:00,1.94,1.94,1.94,1.94,2300,0,0
2020-01-15 14:50:00-05:00,1.94,1.94,1.94,1.94,800,0,0
2020-01-15 14:55:00-05:00,1.95,1.95,1.95,1.95,500,0,0
2020-01-15 14:58:00-05:00,1.95,1.95,1.95,1.95,200,0,0
2020-01-15 15:00:00-05:00,1.94,1.94,1.94,1.94,900,0,0
2020-01-15 15:02:00-05:00,1.95,1.95,1.95,1.95,11000,0,0
2020-01-15 15:04:00-05:00,1.95,1.95,1.95,1.95,2100,0,0
2020-01-15 15:05:00-05:00,1.95,1.96,1.95,1.96,3900,0,0
2020-01-15 15:07:00-05:00,1.955,1.955,1.955,1.955,100,0,0
2020-01-15 15:09:00-05:00,1.96,1.96,1.96,1.96,100,0,0
2020-01-15 15:10:00-05:00,1.95,1.95,1.95,1.95,200,0,0
2020-01-15 15:11:00-05:00,1.955,1.955,1.955,1.955,100,0,0
2020-01-15 15:12:00-05:00,1.95,1.95,1.95,1.95,200,0,0
2020-01-15 15:14:00-05:00,1.96,1.96,1.96,1.96,100,0,0
2020-01-15 15:16:00-05:00,1.96,1.96,1.96,1.96,100,0,0
2020-01-15 15:17:00-05:00,1.96,1.96,1.96,1.96,1000,0,0
2020-01-15 15:18:00-05:00,1.96,1.96,1.96,1.96,100,0,0
2020-01-15 15:20:00-05:00,1.96,1.96,1.96,1.96,10200,0,0
2020-01-15 15:21:00-05:00,1.96,1.96,1.96,1.96,100,0,0
2020-01-15 15:22:00-05:00,1.96,1.96,1.96,1.96,300,0,0
2020-01-15 15:23:00-05:00,1.96,1.96,1.96,1.96,100,0,0
2020-01-15 15:25:00-05:00,1.955,1.955,1.955,1.955,200,0,0
2020-01-15 15:26:00-05:00,1.955,1.955,1.955,1.955,200,0,0
2020-01-15 15:30:00-05:00,1.955,1.955,1.955,1.955,1200,0,0
2020-01-15 15:31:00-05:00,1.955,1.955,1.955,1.955,200,0,0
2020-01-15 15:32:00-05:00,1.955,1.955,1.955,1.955,100,0,0
2020-01-15 15:33:00-05:00,1.955,1.955,1.955,1.955,100,0,0
2020-01-15 15:34:00-05:00,1.955,1.955,1.955,1.955,100,0,0
2020-01-15 15:35:00-05:00,1.955,1.955,1.955,1.955,100,0,0
2020-01-15 15:36:00-05:00,1.955,1.955,1.955,1.955,200,0,0
2020-01-15 15:37:00-05:00,1.955,1.955,1.955,1.955,1000,0,0
2020-01-15 15:38:00-05:00,1.955,1.955,1.955,1.955,300,0,0
2020-01-15 15:39:00-05:00,1.955,1.955,1.95,1.95,300,0,0
2020-01-15 15:40:00-05:00,1.95,1.95,1.95,1.95,1051,0,0
2020-01-15 15:41:00-05:00,1.95,1.95,1.95,1.95,6050,0,0
2020-01-15 15:42:00-05:00,1.945,1.945,1.945,1.945,1200,0,0
2020-01-15 15:43:00-05:00,1.94,1.94,1.93,1.94,6420,0,0
2020-01-15 15:44:00-05:00,1.93,1.93,1.93,1.93,5736,0,0
2020-01-15 15:45:00-05:00,1.93,1.93,1.93,1.93,4000,0,0
2020-01-15 15:47:00-05:00,1.93,1.93,1.93,1.93,5000,0,0
2020-01-15 15:48:00-05:00,1.93,1.93,1.93,1.93,100,0,0
2020-01-15 15:49:00-05:00,1.92,1.93,1.92,1.93,3200,0,0
2020-01-15 15:50:00-05:00,1.93,1.93,1.93,1.93,300,0,0
2020-01-15 15:52:00-05:00,1.925,1.925,1.925,1.925,2500,0,0
2020-01-15 15:53:00-05:00,1.925,1.925,1.925,1.925,200,0,0
2020-01-15 15:54:00-05:00,1.92,1.92,1.92,1.92,100,0,0
2020-01-15 15:55:00-05:00,1.92,1.92,1.92,1.92,600,0,0
2020-01-15 15:56:00-05:00,1.92,1.925,1.92,1.925,600,0,0
2020-01-15 15:57:00-05:00,1.92,1.925,1.92,1.92,1100,0,0
2020-01-15 15:58:00-05:00,1.92,1.925,1.92,1.925,500,0,0
2020-01-15 15:59:00-05:00,1.92,1.93,1.92,1.93,5630,0,0
2020-01-15 11:05:00-05:00,1.97,1.97,1.97,1.97,0,0,0
2020-01-15 11:07:00-05:00,1.97,1.97,1.97,1.97,100,0,0
2020-01-15 11:09:00-05:00,1.97,1.97,1.97,1.97,100,0,0
2020-01-15 11:17:00-05:00,1.97,1.97,1.97,1.97,500,0,0
2020-01-15 11:18:00-05:00,1.96,1.96,1.96,1.96,100,0,0
2020-01-15 11:19:00-05:00,1.97,1.97,1.97,1.97,100,0,0
2020-01-15 11:23:00-05:00,1.97,1.97,1.97,1.97,300,0,0
2020-01-15 11:24:00-05:00,1.97,1.97,1.97,1.97,100,0,0
2020-01-15 11:25:00-05:00,1.97,1.97,1.97,1.97,100,0,0
2020-01-15 11:26:00-05:00,1.96,1.96,1.96,1.96,100,0,0
2020-01-15 11:27:00-05:00,1.97,1.975,1.97,1.975,3600,0,0
2020-01-15 11:28:00-05:00,1.97,1.97,1.97,1.97,1400,0,0
2020-01-15 11:29:00-05:00,1.97,1.97,1.97,1.97,200,0,0
2020-01-15 11:30:00-05:00,1.97,1.97,1.97,1.97,100,0,0
2020-01-15 11:32:00-05:00,1.97,1.97,1.97,1.97,100,0,0
2020-01-15 11:34:00-05:00,1.97,1.97,1.97,1.97,100,0,0
2020-01-15 11:35:00-05:00,1.97,1.97,1.97,1.97,100,0,0
2020-01-15 11:49:00-05:00,1.97,1.97,1.97,1.97,100,0,0
2020-01-15 11:50:00-05:00,1.97,1.97,1.97,1.97,200,0,0
2020-01-15 11:51:00-05:00,1.97,1.97,1.97,1.97,100,0,0
2020-01-15 11:52:00-05:00,1.97,1.97,1.97,1.97,3000,0,0
2020-01-15 11:56:00-05:00,1.98,1.98,1.98,1.98,100,0,0
2020-01-15 11:57:00-05:00,1.98,1.98,1.98,1.98,300,0,0
2020-01-15 11:58:00-05:00,1.98,1.98,1.98,1.98,100,0,0
2020-01-15 12:02:00-05:00,1.98,1.98,1.97,1.97,12900,0,0
2020-01-15 12:03:00-05:00,1.96,1.96,1.96,1.96,6900,0,0
2020-01-15 12:07:00-05:00,1.96,1.96,1.96,1.96,100,0,0
2020-01-15 12:08:00-05:00,1.96,1.96,1.96,1.96,200,0,0
2020-01-15 12:12:00-05:00,1.96,1.965,1.96,1.965,6200,0,0
2020-01-15 12:16:00-05:00,1.96,1.96,1.96,1.96,100,0,0
2020-01-15 12:22:00-05:00,1.96,1.96,1.96,1.96,2400,0,0
2020-01-15 12:33:00-05:00,1.965,1.965,1.965,1.965,100,0,0
2020-01-15 12:34:00-05:00,1.965,1.965,1.965,1.965,100,0,0
2020-01-15 12:35:00-05:00,1.97,1.97,1.97,1.97,400,0,0
2020-01-15 12:43:00-05:00,1.96,1.96,1.96,1.96,100,0,0
2020-01-15 12:44:00-05:00,1.97,1.97,1.97,1.97,100,0,0
2020-01-15 12:46:00-05:00,1.97,1.97,1.97,1.97,100,0,0
2020-01-15 12:47:00-05:00,1.97,1.97,1.97,1.97,400,0,0
2020-01-15 12:49:00-05:00,1.965,1.965,1.96,1.96,6500,0,0
2020-01-15 12:52:00-05:00,1.96,1.96,1.96,1.96,100,0,0
2020-01-15 12:53:00-05:00,1.96,1.96,1.96,1.96,100,0,0
2020-01-15 12:54:00-05:00,1.96,1.96,1.96,1.96,100,0,0
2020-01-15 12:56:00-05:00,1.96,1.96,1.96,1.96,5900,0,0
2020-01-15 12:58:00-05:00,1.96,1.96,1.96,1.96,100,0,0
2020-01-15 13:01:00-05:00,1.96,1.96,1.96,1.96,100,0,0
2020-01-15 13:02:00-05:00,1.96,1.96,1.96,1.96,1600,0,0
2020-01-15 13:04:00-05:00,1.96,1.96,1.96,1.96,800,0,0
2020-01-15 13:11:00-05:00,1.95,1.95,1.95,1.95,10000,0,0
2020-01-15 13:14:00-05:00,1.95,1.95,1.95,1.95,100,0,0
2020-01-15 13:15:00-05:00,1.96,1.96,1.96,1.96,100,0,0
2020-01-15 13:17:00-05:00,1.96,1.96,1.96,1.96,100,0,0
2020-01-15 13:19:00-05:00,1.96,1.97,1.96,1.96,4600,0,0
2020-01-15 13:20:00-05:00,1.95,1.96,1.95,1.96,200,0,0
2020-01-15 13:30:00-05:00,1.95,1.95,1.95,1.95,5000,0,0
2020-01-15 13:33:00-05:00,1.96,1.96,1.96,1.96,100,0,0
2020-01-15 13:35:00-05:00,1.96,1.96,1.96,1.96,100,0,0
2020-01-15 13:37:00-05:00,1.96,1.96,1.96,1.96,300,0,0
2020-01-15 13:44:00-05:00,1.96,1.96,1.96,1.96,100,0,0
2020-01-15 13:46:00-05:00,1.96,1.96,1.96,1.96,100,0,0
2020-01-15 13:48:00-05:00,1.96,1.96,1.96,1.96,100,0,0
2020-01-15 13:49:00-05:00,1.96,1.96,1.96,1.96,1700,0,0
2020-01-15 13:50:00-05:00,1.96,1.96,1.96,1.96,5600,0,0
2020-01-15 13:51:00-05:00,1.96,1.96,1.96,1.96,100,0,0
2020-01-15 13:52:00-05:00,1.95,1.95,1.95,1.95,3400,0,0
2020-01-15 14:03:00-05:00,1.96,1.96,1.96,1.96,100,0,0
2020-01-15 14:04:00-05:00,1.96,1.96,1.96,1.96,100,0,0
2020-01-15 14:05:00-05:00,1.96,1.96,1.96,1.96,100,0,0
2020-01-15 14:07:00-05:00,1.96,1.96,1.96,1.96,100,0,0
2020-01-15 14:09:00-05:00,1.96,1.96,1.96,1.96,100,0,0
2020-01-15 14:10:00-05:00,1.95,1.95,1.93,1.93,30205,0,0
2020-01-15 14:11:00-05:00,1.94,1.94,1.94,1.94,100,0,0
2020-01-15 14:12:00-05:00,1.94,1.94,1.94,1.94,1500,0,0
2020-01-15 14:15:00-05:00,1.94,1.94,1.94,1.94,3300,0,0
2020-01-15 14:16:00-05:00,1.95,1.95,1.95,1.95,200,0,0
2020-01-15 14:23:00-05:00,1.95,1.95,1.95,1.95,100,0,0
2020-01-15 14:26:00-05:00,1.95,1.95,1.95,1.95,100,0,0
2020-01-15 14:28:00-05:00,1.95,1.95,1.95,1.95,100,0,0
2020-01-15 14:30:00-05:00,1.95,1.95,1.95,1.95,1200,0,0
2020-01-15 14:31:00-05:00,1.95,1.96,1.95,1.96,600,0,0
2020-01-15 14:34:00-05:00,1.96,1.96,1.96,1.96,200,0,0
2020-01-15 14:35:00-05:00,1.95,1.95,1.95,1.95,2600,0,0
2020-01-15 14:37:00-05:00,1.94,1.94,1.94,1.94,4600,0,0
2020-01-15 14:38:00-05:00,1.95,1.95,1.94,1.94,300,0,0
2020-01-15 14:42:00-05:00,1.94,1.94,1.935,1.935,6200,0,0
2020-01-15 14:43:00-05:00,1.935,1.94,1.935,1.935,6500,0,0
2020-01-15 14:44:00-05:00,1.935,1.935,1.935,1.935,100,0,0
2020-01-15 14:46:00-05:00,1.94,1.94,1.94,1.94,100,0,0
2020-01-15 14:47:00-05:00,1.94,1.94,1.94,1.94,2000,0,0
2020-01-15 14:49:00-05:00,1.94,1.94,1.94,1.94,2300,0,0
2020-01-15 14:50:00-05:00,1.94,1.94,1.94,1.94,800,0,0
2020-01-15 14:55:00-05:00,1.95,1.95,1.95,1.95,500,0,0
2020-01-15 14:58:00-05:00,1.95,1.95,1.95,1.95,200,0,0
2020-01-15 15:00:00-05:00,1.94,1.94,1.94,1.94,900,0,0
2020-01-15 15:02:00-05:00,1.95,1.95,1.95,1.95,11000,0,0
2020-01-15 15:04:00-05:00,1.95,1.95,1.95,1.95,2100,0,0
2020-01-15 15:05:00-05:00,1.95,1.96,1.95,1.96,3900,0,0
2020-01-15 15:07:00-05:00,1.955,1.955,1.955,1.955,100,0,0
2020-01-15 15:09:00-05:00,1.96,1.96,1.96,1.96,100,0,0
2020-01-15 15:10:00-05:00,1.95,1.95,1.95,1.95,200,0,0
2020-01-15 15:11:00-05:00,1.955,1.955,1.955,1.955,100,0,0
2020-01-15 15:12:00-05:00,1.95,1.95,1.95,1.95,200,0,0
2020-01-15 15:14:00-05:00,1.96,1.96,1.96,1.96,100,0,0
2020-01-15 15:16:00-05:00,1.96,1.96,1.96,1.96,100,0,0
2020-01-15 15:17:00-05:00,1.96,1.96,1.96,1.96,1000,0,0
2020-01-15 15:18:00-05:00,1.96,1.96,1.96,1.96,100,0,0
2020-01-15 15:20:00-05:00,1.96,1.96,1.96,1.96,10200,0,0
2020-01-15 15:21:00-05:00,1.96,1.96,1.96,1.96,100,0,0
2020-01-15 15:22:00-05:00,1.96,1.96,1.96,1.96,300,0,0
2020-01-15 15:23:00-05:00,1.96,1.96,1.96,1.96,100,0,0
2020-01-15 15:25:00-05:00,1.955,1.955,1.955,1.955,200,0,0
2020-01-15 15:26:00-05:00,1.955,1.955,1.955,1.955,200,0,0
2020-01-15 15:27:00-05:00,1.955,1.955,1.955,1.955,200,0,0
2020-01-15 15:30:00-05:00,1.955,1.955,1.955,1.955,1000,0,0
2020-01-15 15:31:00-05:00,1.955,1.955,1.955,1.955,200,0,0
2020-01-15 15:32:00-05:00,1.955,1.955,1.955,1.955,100,0,0
2020-01-15 15:33:00-05:00,1.955,1.955,1.955,1.955,100,0,0
2020-01-15 15:34:00-05:00,1.955,1.955,1.955,1.955,100,0,0
2020-01-15 15:35:00-05:00,1.955,1.955,1.955,1.955,100,0,0
2020-01-15 15:36:00-05:00,1.955,1.955,1.955,1.955,200,0,0
2020-01-15 15:37:00-05:00,1.955,1.955,1.955,1.955,1000,0,0
2020-01-15 15:38:00-05:00,1.955,1.955,1.955,1.955,300,0,0
2020-01-15 15:39:00-05:00,1.955,1.955,1.95,1.95,300,0,0
2020-01-15 15:40:00-05:00,1.95,1.95,1.95,1.95,1051,0,0
2020-01-15 15:41:00-05:00,1.95,1.95,1.95,1.95,6050,0,0
2020-01-15 15:42:00-05:00,1.945,1.945,1.945,1.945,1200,0,0
2020-01-15 15:43:00-05:00,1.94,1.94,1.93,1.94,6420,0,0
2020-01-15 15:44:00-05:00,1.93,1.93,1.93,1.93,5736,0,0
2020-01-15 15:45:00-05:00,1.93,1.93,1.93,1.93,4000,0,0
2020-01-15 15:47:00-05:00,1.93,1.93,1.93,1.93,5000,0,0
2020-01-15 15:48:00-05:00,1.93,1.93,1.93,1.93,100,0,0
2020-01-15 15:49:00-05:00,1.92,1.93,1.92,1.93,3200,0,0
2020-01-15 15:50:00-05:00,1.93,1.93,1.93,1.93,300,0,0
2020-01-15 15:52:00-05:00,1.925,1.925,1.925,1.925,2500,0,0
2020-01-15 15:53:00-05:00,1.925,1.925,1.925,1.925,200,0,0
2020-01-15 15:54:00-05:00,1.92,1.92,1.92,1.92,100,0,0
2020-01-15 15:55:00-05:00,1.92,1.925,1.92,1.92,600,0,0
2020-01-15 15:56:00-05:00,1.92,1.925,1.92,1.925,600,0,0
2020-01-15 15:57:00-05:00,1.92,1.925,1.92,1.92,1100,0,0
2020-01-15 15:58:00-05:00,1.92,1.925,1.92,1.925,500,0,0
2020-01-15 15:59:00-05:00,1.92,1.93,1.92,1.93,5630,0,0
2020-01-15 11:05:00-05:00,1.97,1.97,1.97,1.97,0,0,0
2020-01-15 11:07:00-05:00,1.97,1.97,1.97,1.97,100,0,0
2020-01-15 11:09:00-05:00,1.97,1.97,1.97,1.97,100,0,0
2020-01-15 11:17:00-05:00,1.97,1.97,1.97,1.97,500,0,0
2020-01-15 11:18:00-05:00,1.96,1.96,1.96,1.96,100,0,0
2020-01-15 11:19:00-05:00,1.97,1.97,1.97,1.97,100,0,0
2020-01-15 11:23:00-05:00,1.97,1.97,1.97,1.97,300,0,0
2020-01-15 11:24:00-05:00,1.97,1.97,1.97,1.97,100,0,0
2020-01-15 11:25:00-05:00,1.97,1.97,1.97,1.97,100,0,0
2020-01-15 11:26:00-05:00,1.96,1.96,1.96,1.96,100,0,0
2020-01-15 11:27:00-05:00,1.97,1.975,1.97,1.975,3600,0,0
2020-01-15 11:28:00-05:00,1.97,1.97,1.97,1.97,1400,0,0
2020-01-15 11:29:00-05:00,1.97,1.97,1.97,1.97,200,0,0
2020-01-15 11:30:00-05:00,1.97,1.97,1.97,1.97,100,0,0
2020-01-15 11:32:00-05:00,1.97,1.97,1.97,1.97,100,0,0
2020-01-15 11:34:00-05:00,1.97,1.97,1.97,1.97,100,0,0
2020-01-15 11:35:00-05:00,1.97,1.97,1.97,1.97,100,0,0
2020-01-15 11:49:00-05:00,1.97,1.97,1.97,1.97,100,0,0
2020-01-15 11:50:00-05:00,1.97,1.97,1.97,1.97,200,0,0
2020-01-15 11:51:00-05:00,1.97,1.97,1.97,1.97,100,0,0
2020-01-15 11:52:00-05:00,1.97,1.97,1.97,1.97,400,0,0
2020-01-15 11:56:00-05:00,1.98,1.98,1.98,1.98,2700,0,0
2020-01-15 11:57:00-05:00,1.98,1.98,1.98,1.98,300,0,0
2020-01-15 11:58:00-05:00,1.98,1.98,1.98,1.98,100,0,0
2020-01-15 12:02:00-05:00,1.98,1.98,1.97,1.97,12900,0,0
2020-01-15 12:03:00-05:00,1.96,1.96,1.96,1.96,6900,0,0
2020-01-15 12:07:00-05:00,1.96,1.96,1.96,1.96,100,0,0
2020-01-15 12:08:00-05:00,1.96,1.96,1.96,1.96,200,0,0
2020-01-15 12:12:00-05:00,1.96,1.965,1.96,1.965,6200,0,0
2020-01-15 12:16:00-05:00,1.96,1.96,1.96,1.96,100,0,0
2020-01-15 12:22:00-05:00,1.96,1.96,1.96,1.96,2400,0,0
2020-01-15 12:33:00-05:00,1.965,1.965,1.965,1.965,100,0,0
2020-01-15 12:34:00-05:00,1.965,1.965,1.965,1.965,100,0,0
2020-01-15 12:35:00-05:00,1.97,1.97,1.97,1.97,400,0,0
2020-01-15 12:43:00-05:00,1.96,1.96,1.96,1.96,100,0,0
2020-01-15 12:44:00-05:00,1.97,1.97,1.97,1.97,100,0,0
2020-01-15 12:46:00-05:00,1.97,1.97,1.97,1.97,100,0,0
2020-01-15 12:47:00-05:00,1.97,1.97,1.97,1.97,400,0,0
2020-01-15 12:49:00-05:00,1.965,1.965,1.96,1.96,6500,0,0
2020-01-15 12:52:00-05:00,1.96,1.96,1.96,1.96,100,0,0
2020-01-15 12:53:00-05:00,1.96,1.96,1.96,1.96,100,0,0
2020-01-15 12:54:00-05:00,1.96,1.96,1.96,1.96,100,0,0
2020-01-15 12:56:00-05:00,1.96,1.96,1.96,1.96,5900,0,0
2020-01-15 12:58:00-05:00,1.96,1.96,1.96,1.96,100,0,0
2020-01-15 13:01:00-05:00,1.96,1.96,1.96,1.96,100,0,0
2020-01-15 13:02:00-05:00,1.96,1.96,1.96,1.96,1400,0,0
2020-01-15 13:04:00-05:00,1.96,1.96,1.96,1.96,1000,0,0
2020-01-15 13:11:00-05:00,1.95,1.95,1.95,1.95,10000,0,0
2020-01-15 13:14:00-05:00,1.95,1.95,1.95,1.95,100,0,0
2020-01-15 13:15:00-05:00,1.96,1.96,1.96,1.96,100,0,0
2020-01-15 13:17:00-05:00,1.96,1.96,1.96,1.96,100,0,0
2020-01-15 13:19:00-05:00,1.96,1.97,1.96,1.96,4600,0,0
2020-01-15 13:20:00-05:00,1.95,1.96,1.95,1.96,200,0,0
2020-01-15 13:30:00-05:00,1.95,1.95,1.95,1.95,5000,0,0
2020-01-15 13:33:00-05:00,1.96,1.96,1.96,1.96,100,0,0
2020-01-15 13:35:00-05:00,1.96,1.96,1.96,1.96,100,0,0
2020-01-15 13:37:00-05:00,1.96,1.96,1.96,1.96,300,0,0
2020-01-15 13:44:00-05:00,1.96,1.96,1.96,1.96,100,0,0
2020-01-15 13:46:00-05:00,1.96,1.96,1.96,1.96,100,0,0
2020-01-15 13:48:00-05:00,1.96,1.96,1.96,1.96,100,0,0
2020-01-15 13:49:00-05:00,1.96,1.96,1.96,1.96,1700,0,0
2020-01-15 13:50:00-05:00,1.96,1.96,1.96,1.96,5600,0,0
2020-01-15 13:51:00-05:00,1.96,1.96,1.96,1.96,100,0,0
2020-01-15 13:52:00-05:00,1.95,1.95,1.95,1.95,3400,0,0
2020-01-15 14:03:00-05:00,1.96,1.96,1.96,1.96,100,0,0
2020-01-15 14:04:00-05:00,1.96,1.96,1.96,1.96,100,0,0
2020-01-15 14:05:00-05:00,1.96,1.96,1.96,1.96,100,0,0
2020-01-15 14:07:00-05:00,1.96,1.96,1.96,1.96,100,0,0
2020-01-15 14:09:00-05:00,1.96,1.96,1.96,1.96,100,0,0
2020-01-15 14:10:00-05:00,1.95,1.95,1.93,1.93,30205,0,0
2020-01-15 14:11:00-05:00,1.94,1.94,1.94,1.94,100,0,0
2020-01-15 14:12:00-05:00,1.94,1.94,1.94,1.94,1500,0,0
2020-01-15 14:15:00-05:00,1.94,1.94,1.94,1.94,3300,0,0
2020-01-15 14:16:00-05:00,1.95,1.95,1.95,1.95,200,0,0
2020-01-15 14:23:00-05:00,1.95,1.95,1.95,1.95,100,0,0
2020-01-15 14:26:00-05:00,1.95,1.95,1.95,1.95,100,0,0
2020-01-15 14:28:00-05:00,1.95,1.95,1.95,1.95,100,0,0
2020-01-15 14:30:00-05:00,1.95,1.95,1.95,1.95,1200,0,0
2020-01-15 14:31:00-05:00,1.95,1.96,1.95,1.96,600,0,0
2020-01-15 14:34:00-05:00,1.96,1.96,1.96,1.96,200,0,0
2020-01-15 14:35:00-05:00,1.95,1.95,1.95,1.95,2600,0,0
2020-01-15 14:37:00-05:00,1.94,1.94,1.94,1.94,4600,0,0
2020-01-15 14:38:00-05:00,1.95,1.95,1.94,1.94,300,0,0
2020-01-15 14:42:00-05:00,1.94,1.94,1.935,1.935,6200,0,0
2020-01-15 14:43:00-05:00,1.935,1.94,1.935,1.935,6500,0,0
2020-01-15 14:44:00-05:00,1.935,1.935,1.935,1.935,100,0,0
2020-01-15 14:46:00-05:00,1.94,1.94,1.94,1.94,100,0,0
2020-01-15 14:47:00-05:00,1.94,1.94,1.94,1.94,2000,0,0
2020-01-15 14:49:00-05:00,1.94,1.94,1.94,1.94,2300,0,0
2020-01-15 14:50:00-05:00,1.94,1.94,1.94,1.94,800,0,0
2020-01-15 14:55:00-05:00,1.95,1.95,1.95,1.95,500,0,0
2020-01-15 14:58:00-05:00,1.95,1.95,1.95,1.95,200,0,0
2020-01-15 15:00:00-05:00,1.94,1.94,1.94,1.94,900,0,0
2020-01-15 15:02:00-05:00,1.95,1.95,1.95,1.95,11000,0,0
2020-01-15 15:04:00-05:00,1.95,1.95,1.95,1.95,2100,0,0
2020-01-15 15:05:00-05:00,1.95,1.96,1.95,1.96,3900,0,0
2020-01-15 15:07:00-05:00,1.955,1.955,1.955,1.955,100,0,0
2020-01-15 15:09:00-05:00,1.96,1.96,1.96,1.96,100,0,0
2020-01-15 15:10:00-05:00,1.95,1.95,1.95,1.95,200,0,0
2020-01-15 15:11:00-05:00,1.955,1.955,1.955,1.955,100,0,0
2020-01-15 15:12:00-05:00,1.95,1.95,1.95,1.95,200,0,0
2020-01-15 15:14:00-05:00,1.96,1.96,1.96,1.96,100,0,0
2020-01-15 15:16:00-05:00,1.96,1.96,1.96,1.96,100,0,0
2020-01-15 15:17:00-05:00,1.96,1.96,1.96,1.96,1000,0,0
2020-01-15 15:18:00-05:00,1.96,1.96,1.96,1.96,100,0,0
2020-01-15 15:20:00-05:00,1.96,1.96,1.96,1.96,10200,0,0
2020-01-15 15:21:00-05:00,1.96,1.96,1.96,1.96,100,0,0
2020-01-15 15:22:00-05:00,1.96,1.96,1.96,1.96,300,0,0
2020-01-15 15:23:00-05:00,1.96,1.96,1.96,1.96,100,0,0
2020-01-15 15:25:00-05:00,1.955,1.955,1.955,1.955,200,0,0
2020-01-15 15:26:00-05:00,1.955,1.955,1.955,1.955,200,0,0
2020-01-15 15:30:00-05:00,1.955,1.955,1.955,1.955,1200,0,0
2020-01-15 15:31:00-05:00,1.955,1.955,1.955,1.955,200,0,0
2020-01-15 15:32:00-05:00,1.955,1.955,1.955,1.955,100,0,0
2020-01-15 15:33:00-05:00,1.955,1.955,1.955,1.955,100,0,0
2020-01-15 15:34:00-05:00,1.955,1.955,1.955,1.955,100,0,0
2020-01-15 15:35:00-05:00,1.955,1.955,1.955,1.955,100,0,0
2020-01-15 15:36:00-05:00,1.955,1.955,1.955,1.955,200,0,0
2020-01-15 15:37:00-05:00,1.955,1.955,1.955,1.955,1000,0,0
2020-01-15 15:38:00-05:00,1.955,1.955,1.955,1.955,300,0,0
2020-01-15 15:39:00-05:00,1.955,1.955,1.95,1.95,300,0,0
2020-01-15 15:40:00-05:00,1.95,1.95,1.95,1.95,1051,0,0
2020-01-15 15:41:00-05:00,1.95,1.95,1.95,1.95,6050,0,0
2020-01-15 15:42:00-05:00,1.945,1.945,1.945,1.945,1200,0,0
2020-01-15 15:43:00-05:00,1.94,1.94,1.93,1.94,6420,0,0
2020-01-15 15:44:00-05:00,1.93,1.93,1.93,1.93,5736,0,0
2020-01-15 15:45:00-05:00,1.93,1.93,1.93,1.93,4000,0,0
2020-01-15 15:47:00-05:00,1.93,1.93,1.93,1.93,5000,0,0
2020-01-15 15:48:00-05:00,1.93,1.93,1.93,1.93,100,0,0
2020-01-15 15:49:00-05:00,1.92,1.93,1.92,1.93,3200,0,0
2020-01-15 15:50:00-05:00,1.93,1.93,1.93,1.93,300,0,0
2020-01-15 15:52:00-05:00,1.925,1.925,1.925,1.925,2500,0,0
2020-01-15 15:53:00-05:00,1.925,1.925,1.925,1.925,200,0,0
2020-01-15 15:54:00-05:00,1.92,1.92,1.92,1.92,100,0,0
2020-01-15 15:55:00-05:00,1.92,1.92,1.92,1.92,600,0,0
2020-01-15 15:56:00-05:00,1.92,1.925,1.92,1.925,600,0,0
2020-01-15 15:57:00-05:00,1.92,1.925,1.92,1.92,1100,0,0
2020-01-15 15:58:00-05:00,1.92,1.925,1.92,1.925,500,0,0
2020-01-15 15:59:00-05:00,1.92,1.93,1.92,1.93,5630,0,0
2020-01-15 11:05:00-05:00,1.97,1.97,1.97,1.97,0,0,0
2020-01-15 11:07:00-05:00,1.97,1.97,1.97,1.97,100,0,0
2020-01-15 11:09:00-05:00,1.97,1.97,1.97,1.97,100,0,0
2020-01-15 11:17:00-05:00,1.97,1.97,1.97,1.97,500,0,0
2020-01-15 11:18:00-05:00,1.96,1.96,1.96,1.96,100,0,0
2020-01-15 11:19:00-05:00,1.97,1.97,1.97,1.97,100,0,0
2020-01-15 11:23:00-05:00,1.97,1.97,1.97,1.97,300,0,0
2020-01-15 11:24:00-05:00,1.97,1.97,1.97,1.97,100,0,0
2020-01-15 11:25:00-05:00,1.97,1.97,1.97,1.97,100,0,0
2020-01-15 11:26:00-05:00,1.96,1.96,1.96,1.96,100,0,0
2020-01-15 11:27:00-05:00,1.97,1.975,1.97,1.975,3600,0,0
2020-01-15 11:28:00-05:00,1.97,1.97,1.97,1.97,1400,0,0
2020-01-15 11:29:00-05:00,1.97,1.97,1.97,1.97,200,0,0
2020-01-15 11:30:00-05:00,1.97,1.97,1.97,1.97,100,0,0
2020-01-15 11:32:00-05:00,1.97,1.97,1.97,1.97,100,0,0
2020-01-15 11:34:00-05:00,1.97,1.97,1.97,1.97,100,0,0
2020-01-15 11:35:00-05:00,1.97,1.97,1.97,1.97,100,0,0
2020-01-15 11:49:00-05:00,1.97,1.97,1.97,1.97,100,0,0
2020-01-15 11:50:00-05:00,1.97,1.97,1.97,1.97,200,0,0
2020-01-15 11:51:00-05:00,1.97,1.97,1.97,1.97,100,0,0
2020-01-15 11:52:00-05:00,1.97,1.97,1.97,1.97,3000,0,0
2020-01-15 11:56:00-05:00,1.98,1.98,1.98,1.98,100,0,0
2020-01-15 11:57:00-05:00,1.98,1.98,1.98,1.98,300,0,0
2020-01-15 11:58:00-05:00,1.98,1.98,1.98,1.98,100,0,0
2020-01-15 12:02:00-05:00,1.98,1.98,1.97,1.97,12900,0,0
2020-01-15 12:03:00-05:00,1.96,1.96,1.96,1.96,6900,0,0
2020-01-15 12:07:00-05:00,1.96,1.96,1.96,1.96,100,0,0
2020-01-15 12:08:00-05:00,1.96,1.96,1.96,1.96,200,0,0
2020-01-15 12:12:00-05:00,1.96,1.965,1.96,1.965,6200,0,0
2020-01-15 12:16:00-05:00,1.96,1.96,1.96,1.96,100,0,0
2020-01-15 12:22:00-05:00,1.96,1.96,1.96,1.96,2400,0,0
2020-01-15 12:33:00-05:00,1.965,1.965,1.965,1.965,100,0,0
2020-01-15 12:34:00-05:00,1.965,1.965,1.965,1.965,100,0,0
2020-01-15 12:35:00-05:00,1.97,1.97,1.97,1.97,400,0,0
2020-01-15 12:43:00-05:00,1.96,1.96,1.96,1.96,100,0,0
2020-01-15 12:44:00-05:00,1.97,1.97,1.97,1.97,100,0,0
2020-01-15 12:46:00-05:00,1.97,1.97,1.97,1.97,100,0,0
2020-01-15 12:47:00-05:00,1.97,1.97,1.97,1.97,400,0,0
2020-01-15 12:49:00-05:00,1.965,1.965,1.96,1.96,6500,0,0
2020-01-15 12:52:00-05:00,1.96,1.96,1.96,1.96,100,0,0
2020-01-15 12:53:00-05:00,1.96,1.96,1.96,1.96,100,0,0
2020-01-15 12:54:00-05:00,1.96,1.96,1.96,1.96,100,0,0
2020-01-15 12:56:00-05:00,1.96,1.96,1.96,1.96,5900,0,0
2020-01-15 12:58:00-05:00,1.96,1.96,1.96,1.96,100,0,0
2020-01-15 13:01:00-05:00,1.96,1.96,1.96,1.96,100,0,0
2020-01-15 13:02:00-05:00,1.96,1.96,1.96,1.96,1600,0,0
2020-01-15 13:04:00-05:00,1.96,1.96,1.96,1.96,800,0,0
2020-01-15 13:11:00-05:00,1.95,1.95,1.95,1.95,10000,0,0
2020-01-15 13:14:00-05:00,1.95,1.95,1.95,1.95,100,0,0
2020-01-15 13:15:00-05:00,1.96,1.96,1.96,1.96,100,0,0
2020-01-15 13:17:00-05:00,1.96,1.96,1.96,1.96,100,0,0
2020-01-15 13:19:00-05:00,1.96,1.97,1.96,1.96,4600,0,0
2020-01-15 13:20:00-05:00,1.95,1.96,1.95,1.96,200,0,0
2020-01-15 13:30:00-05:00,1.95,1.95,1.95,1.95,5000,0,0
2020-01-15 13:33:00-05:00,1.96,1.96,1.96,1.96,100,0,0
2020-01-15 13:35:00-05:00,1.96,1.96,1.96,1.96,100,0,0
2020-01-15 13:37:00-05:00,1.96,1.96,1.96,1.96,300,0,0
2020-01-15 13:44:00-05:00,1.96,1.96,1.96,1.96,100,0,0
2020-01-15 13:46:00-05:00,1.96,1.96,1.96,1.96,100,0,0
2020-01-15 13:48:00-05:00,1.96,1.96,1.96,1.96,100,0,0
2020-01-15 13:49:00-05:00,1.96,1.96,1.96,1.96,1700,0,0
2020-01-15 13:50:00-05:00,1.96,1.96,1.96,1.96,5600,0,0
2020-01-15 13:51:00-05:00,1.96,1.96,1.96,1.96,100,0,0
2020-01-15 13:52:00-05:00,1.95,1.95,1.95,1.95,3400,0,0
2020-01-15 14:03:00-05:00,1.96,1.96,1.96,1.96,100,0,0
2020-01-15 14:04:00-05:00,1.96,1.96,1.96,1.96,100,0,0
2020-01-15 14:05:00-05:00,1.96,1.96,1.96,1.96,100,0,0
2020-01-15 14:07:00-05:00,1.96,1.96,1.96,1.96,100,0,0
2020-01-15 14:09:00-05:00,1.96,1.96,1.96,1.96,100,0,0
2020-01-15 14:10:00-05:00,1.95,1.95,1.93,1.93,30205,0,0
2020-01-15 14:11:00-05:00,1.94,1.94,1.94,1.94,100,0,0
2020-01-15 14:12:00-05:00,1.94,1.94,1.94,1.94,1500,0,0
2020-01-15 14:15:00-05:00,1.94,1.94,1.94,1.94,3300,0,0
2020-01-15 14:16:00-05:00,1.95,1.95,1.95,1.95,200,0,0
2020-01-15 14:23:00-05:00,1.95,1.95,1.95,1.95,100,0,0
2020-01-15 14:26:00-05:00,1.95,1.95,1.95,1.95,100,0,0
2020-01-15 14:28:00-05:00,1.95,1.95,1.95,1.95,100,0,0
2020-01-15 14:30:00-05:00,1.95,1.95,1.95,1.95,1200,0,0
2020-01-15 14:31:00-05:00,1.95,1.96,1.95,1.96,600,0,0
2020-01-15 14:34:00-05:00,1.96,1.96,1.96,1.96,200,0,0
2020-01-15 14:35:00-05:00,1.95,1.95,1.95,1.95,2600,0,0
2020-01-15 14:37:00-05:00,1.94,1.94,1.94,1.94,4600,0,0
2020-01-15 14:38:00-05:00,1.95,1.95,1.94,1.94,300,0,0
2020-01-15 14:42:00-05:00,1.94,1.94,1.935,1.935,6200,0,0
2020-01-15 14:43:00-05:00,1.935,1.94,1.935,1.935,6500,0,0
2020-01-15 14:44:00-05:00,1.935,1.935,1.935,1.935,100,0,0
2020-01-15 14:46:00-05:00,1.94,1.94,1.94,1.94,100,0,0
2020-01-15 14:47:00-05:00,1.94,1.94,1.94,1.94,2000,0,0
2020-01-15 14:49:00-05:00,1.94,1.94,1.94,1.94,2300,0,0
2020-01-15 14:50:00-05:00,1.94,1.94,1.94,1.94,800,0,0
2020-01-15 14:55:00-05:00,1.95,1.95,1.95,1.95,500,0,0
2020-01-15 14:58:00-05:00,1.95,1.95,1.95,1.95,200,0,0
2020-01-15 15:00:00-05:00,1.94,1.94,1.94,1.94,900,0,0
2020-01-15 15:02:00-05:00,1.95,1.95,1.95,1.95,11000,0,0
2020-01-15 15:04:00-05:00,1.95,1.95,1.95,1.95,2100,0,0
2020-01-15 15:05:00-05:00,1.95,1.96,1.95,1.96,3900,0,0
2020-01-15 15:07:00-05:00,1.955,1.955,1.955,1.955,100,0,0
2020-01-15 15:09:00-05:00,1.96,1.96,1.96,1.96,100,0,0
2020-01-15 15:10:00-05:00,1.95,1.95,1.95,1.95,200,0,0
2020-01-15 15:11:00-05:00,1.955,1.955,1.955,1.955,100,0,0
2020-01-15 15:12:00-05:00,1.95,1.95,1.95,1.95,200,0,0
2020-01-15 15:14:00-05:00,1.96,1.96,1.96,1.96,100,0,0
2020-01-15 15:16:00-05:00,1.96,1.96,1.96,1.96,100,0,0
2020-01-15 15:17:00-05:00,1.96,1.96,1.96,1.96,1000,0,0
2020-01-15 15:18:00-05:00,1.96,1.96,1.96,1.96,100,0,0
2020-01-15 15:20:00-05:00,1.96,1.96,1.96,1.96,10200,0,0
2020-01-15 15:21:00-05:00,1.96,1.96,1.96,1.96,100,0,0
2020-01-15 15:22:00-05:00,1.96,1.96,1.96,1.96,300,0,0
2020-01-15 15:23:00-05:00,1.96,1.96,1.96,1.96,100,0,0
2020-01-15 15:25:00-05:00,1.955,1.955,1.955,1.955,200,0,0
2020-01-15 15:26:00-05:00,1.955,1.955,1.955,1.955,200,0,0
2020-01-15 15:27:00-05:00,1.955,1.955,1.955,1.955,200,0,0
2020-01-15 15:30:00-05:00,1.955,1.955,1.955,1.955,1000,0,0
2020-01-15 15:31:00-05:00,1.955,1.955,1.955,1.955,200,0,0
2020-01-15 15:32:00-05:00,1.955,1.955,1.955,1.955,100,0,0
2020-01-15 15:33:00-05:00,1.955,1.955,1.955,1.955,100,0,0
2020-01-15 15:34:00-05:00,1.955,1.955,1.955,1.955,100,0,0
2020-01-15 15:35:00-05:00,1.955,1.955,1.955,1.955,100,0,0
2020-01-15 15:36:00-05:00,1.955,1.955,1.955,1.955,200,0,0
2020-01-15 15:37:00-05:00,1.955,1.955,1.955,1.955,1000,0,0
2020-01-15 15:38:00-05:00,1.955,1.955,1.955,1.955,300,0,0
2020-01-15 15:39:00-05:00,1.955,1.955,1.95,1.95,300,0,0
2020-01-15 15:40:00-05:00,1.95,1.95,1.95,1.95,1051,0,0
2020-01-15 15:41:00-05:00,1.95,1.95,1.95,1.95,6050,0,0
2020-01-15 15:42:00-05:00,1.945,1.945,1.945,1.945,1200,0,0
2020-01-15 15:43:00-05:00,1.94,1.94,1.93,1.94,6420,0,0
2020-01-15 15:44:00-05:00,1.93,1.93,1.93,1.93,5736,0,0
2020-01-15 15:45:00-05:00,1.93,1.93,1.93,1.93,4000,0,0
2020-01-15 15:47:00-05:00,1.93,1.93,1.93,1.93,5000,0,0
2020-01-15 15:48:00-05:00,1.93,1.93,1.93,1.93,100,0,0
2020-01-15 15:49:00-05:00,1.92,1.93,1.92,1.93,3200,0,0
2020-01-15 15:50:00-05:00,1.93,1.93,1.93,1.93,300,0,0
2020-01-15 15:52:00-05:00,1.925,1.925,1.925,1.925,2500,0,0
2020-01-15 15:53:00-05:00,1.925,1.925,1.925,1.925,200,0,0
2020-01-15 15:54:00-05:00,1.92,1.92,1.92,1.92,100,0,0
2020-01-15 15:55:00-05:00,1.92,1.925,1.92,1.92,600,0,0
2020-01-15 15:56:00-05:00,1.92,1.925,1.92,1.925,600,0,0
2020-01-15 15:57:00-05:00,1.92,1.925,1.92,1.92,1100,0,0
2020-01-15 15:58:00-05:00,1.92,1.925,1.92,1.925,500,0,0
2020-01-15 15:59:00-05:00,1.92,1.93,1.92,1.93,5630,0,0
2020-01-15 11:05:00-05:00,1.97,1.97,1.97,1.97,0,0,0
2020-01-15 11:07:00-05:00,1.97,1.97,1.97,1.97,100,0,0
2020-01-15 11:09:00-05:00,1.97,1.97,1.97,1.97,100,0,0
2020-01-15 11:17:00-05:00,1.97,1.97,1.97,1.97,500,0,0
2020-01-15 11:18:00-05:00,1.96,1.96,1.96,1.96,100,0,0
2020-01-15 11:19:00-05:00,1.97,1.97,1.97,1.97,100,0,0
2020-01-15 11:23:00-05:00,1.97,1.97,1.97,1.97,300,0,0
2020-01-15 11:24:00-05:00,1.97,1.97,1.97,1.97,100,0,0
2020-01-15 11:25:00-05:00,1.97,1.97,1.97,1.97,100,0,0
2020-01-15 11:26:00-05:00,1.96,1.96,1.96,1.96,100,0,0
2020-01-15 11:27:00-05:00,1.97,1.975,1.97,1.975,3600,0,0
2020-01-15 11:28:00-05:00,1.97,1.97,1.97,1.97,1400,0,0
2020-01-15 11:29:00-05:00,1.97,1.97,1.97,1.97,200,0,0
2020-01-15 11:30:00-05:00,1.97,1.97,1.97,1.97,100,0,0
2020-01-15 11:32:00-05:00,1.97,1.97,1.97,1.97,100,0,0
2020-01-15 11:34:00-05:00,1.97,1.97,1.97,1.97,100,0,0
2020-01-15 11:35:00-05:00,1.97,1.97,1.97,1.97,100,0,0
2020-01-15 11:49:00-05:00,1.97,1.97,1.97,1.97,100,0,0
2020-01-15 11:50:00-05:00,1.97,1.97,1.97,1.97,200,0,0
2020-01-15 11:51:00-05:00,1.97,1.97,1.97,1.97,100,0,0
2020-01-15 11:52:00-05:00,1.97,1.97,1.97,1.97,400,0,0
2020-01-15 11:56:00-05:00,1.98,1.98,1.98,1.98,2700,0,0
2020-01-15 11:57:00-05:00,1.98,1.98,1.98,1.98,300,0,0
2020-01-15 11:58:00-05:00,1.98,1.98,1.98,1.98,100,0,0
2020-01-15 12:02:00-05:00,1.98,1.98,1.97,1.97,12900,0,0
2020-01-15 12:03:00-05:00,1.96,1.96,1.96,1.96,6900,0,0
2020-01-15 12:07:00-05:00,1.96,1.96,1.96,1.96,100,0,0
2020-01-15 12:08:00-05:00,1.96,1.96,1.96,1.96,200,0,0
2020-01-15 12:12:00-05:00,1.96,1.965,1.96,1.965,6200,0,0
2020-01-15 12:16:00-05:00,1.96,1.96,1.96,1.96,100,0,0
2020-01-15 12:22:00-05:00,1.96,1.96,1.96,1.96,2400,0,0
2020-01-15 12:33:00-05:00,1.965,1.965,1.965,1.965,100,0,0
2020-01-15 12:34:00-05:00,1.965,1.965,1.965,1.965,100,0,0
2020-01-15 12:35:00-05:00,1.97,1.97,1.97,1.97,400,0,0
2020-01-15 12:43:00-05:00,1.96,1.96,1.96,1.96,100,0,0
2020-01-15 12:44:00-05:00,1.97,1.97,1.97,1.97,100,0,0
2020-01-15 12:46:00-05:00,1.97,1.97,1.97,1.97,100,0,0
2020-01-15 12:47:00-05:00,1.97,1.97,1.97,1.97,400,0,0
2020-01-15 12:49:00-05:00,1.965,1.965,1.96,1.96,6500,0,0
2020-01-15 12:52:00-05:00,1.96,1.96,1.96,1.96,100,0,0
2020-01-15 12:53:00-05:00,1.96,1.96,1.96,1.96,100,0,0
2020-01-15 12:54:00-05:00,1.96,1.96,1.96,1.96,100,0,0
2020-01-15 12:56:00-05:00,1.96,1.96,1.96,1.96,5900,0,0
2020-01-15 12:58:00-05:00,1.96,1.96,1.96,1.96,100,0,0
2020-01-15 13:01:00-05:00,1.96,1.96,1.96,1.96,100,0,0
2020-01-15 13:02:00-05:00,1.96,1.96,1.96,1.96,1400,0,0
2020-01-15 13:04:00-05:00,1.96,1.96,1.96,1.96,1000,0,0
2020-01-15 13:11:00-05:00,1.95,1.95,1.95,1.95,10000,0,0
2020-01-15 13:14:00-05:00,1.95,1.95,1.95,1.95,100,0,0
2020-01-15 13:15:00-05:00,1.96,1.96,1.96,1.96,100,0,0
2020-01-15 13:17:00-05:00,1.96,1.96,1.96,1.96,100,0,0
2020-01-15 13:19:00-05:00,1.96,1.97,1.96,1.96,4600,0,0
2020-01-15 13:20:00-05:00,1.95,1.96,1.95,1.96,200,0,0
2020-01-15 13:30:00-05:00,1.95,1.95,1.95,1.95,5000,0,0
2020-01-15 13:33:00-05:00,1.96,1.96,1.96,1.96,100,0,0
2020-01-15 13:35:00-05:00,1.96,1.96,1.96,1.96,100,0,0
2020-01-15 13:37:00-05:00,1.96,1.96,1.96,1.96,300,0,0
2020-01-15 13:44:00-05:00,1.96,1.96,1.96,1.96,100,0,0
2020-01-15 13:46:00-05:00,1.96,1.96,1.96,1.96,100,0,0
2020-01-15 13:48:00-05:00,1.96,1.96,1.96,1.96,100,0,0
2020-01-15 13:49:00-05:00,1.96,1.96,1.96,1.96,1700,0,0
2020-01-15 13:50:00-05:00,1.96,1.96,1.96,1.96,5600,0,0
2020-01-15 13:51:00-05:00,1.96,1.96,1.96,1.96,100,0,0
2020-01-15 13:52:00-05:00,1.95,1.95,1.95,1.95,3400,0,0
2020-01-15 14:03:00-05:00,1.96,1.96,1.96,1.96,100,0,0
2020-01-15 14:04:00-05:00,1.96,1.96,1.96,1.96,100,0,0
2020-01-15 14:05:00-05:00,1.96,1.96,1.96,1.96,100,0,0
2020-01-15 14:07:00-05:00,1.96,1.96,1.96,1.96,100,0,0
2020-01-15 14:09:00-05:00,1.96,1.96,1.96,1.96,100,0,0
2020-01-15 14:10:00-05:00,1.95,1.95,1.93,1.93,30205,0,0
2020-01-15 14:11:00-05:00,1.94,1.94,1.94,1.94,100,0,0
2020-01-15 14:12:00-05:00,1.94,1.94,1.94,1.94,1500,0,0
2020-01-15 14:15:00-05:00,1.94,1.94,1.94,1.94,3300,0,0
2020-01-15 14:16:00-05:00,1.95,1.95,1.95,1.95,200,0,0
2020-01-15 14:23:00-05:00,1.95,1.95,1.95,1.95,100,0,0
2020-01-15 14:26:00-05:00,1.95,1.95,1.95,1.95,100,0,0
2020-01-15 14:28:00-05:00,1.95,1.95,1.95,1.95,100,0,0
2020-01-15 14:30:00-05:00,1.95,1.95,1.95,1.95,1200,0,0
2020-01-15 14:31:00-05:00,1.95,1.96,1.95,1.96,600,0,0
2020-01-15 14:34:00-05:00,1.96,1.96,1.96,1.96,200,0,0
2020-01-15 14:35:00-05:00,1.95,1.95,1.95,1.95,2600,0,0
2020-01-15 14:37:00-05:00,1.94,1.94,1.94,1.94,4600,0,0
2020-01-15 14:38:00-05:00,1.95,1.95,1.94,1.94,300,0,0
2020-01-15 14:42:00-05:00,1.94,1.94,1.935,1.935,6200,0,0
2020-01-15 14:43:00-05:00,1.935,1.94,1.935,1.935,6500,0,0
2020-01-15 14:44:00-05:00,1.935,1.935,1.935,1.935,100,0,0
2020-01-15 14:46:00-05:00,1.94,1.94,1.94,1.94,100,0,0
2020-01-15 14:47:00-05:00,1.94,1.94,1.94,1.94,2000,0,0
2020-01-15 14:49:00-05:00,1.94,1.94,1.94,1.94,2300,0,0
2020-01-15 14:50:00-05:00,1.94,1.94,1.94,1.94,800,0,0
2020-01-15 14:55:00-05:00,1.95,1.95,1.95,1.95,500,0,0
2020-01-15 14:58:00-05:00,1.95,1.95,1.95,1.95,200,0,0
2020-01-15 15:00:00-05:00,1.94,1.94,1.94,1.94,900,0,0
2020-01-15 15:02:00-05:00,1.95,1.95,1.95,1.95,11000,0,0
2020-01-15 15:04:00-05:00,1.95,1.95,1.95,1.95,2100,0,0
2020-01-15 15:05:00-05:00,1.95,1.96,1.95,1.96,3900,0,0
2020-01-15 15:07:00-05:00,1.955,1.955,1.955,1.955,100,0,0
2020-01-15 15:09:00-05:00,1.96,1.96,1.96,1.96,100,0,0
2020-01-15 15:10:00-05:00,1.95,1.95,1.95,1.95,200,0,0
2020-01-15 15:11:00-05:00,1.955,1.955,1.955,1.955,100,0,0
2020-01-15 15:12:00-05:00,1.95,1.95,1.95,1.95,200,0,0
2020-01-15 15:14:00-05:00,1.96,1.96,1.96,1.96,100,0,0
2020-01-15 15:16:00-05:00,1.96,1.96,1.96,1.96,100,0,0
2020-01-15 15:17:00-05:00,1.96,1.96,1.96,1.96,1000,0,0
2020-01-15 15:18:00-05:00,1.96,1.96,1.96,1.96,100,0,0
2020-01-15 15:20:00-05:00,1.96,1.96,1.96,1.96,10200,0,0
2020-01-15 15:21:00-05:00,1.96,1.96,1.96,1.96,100,0,0
2020-01-15 15:22:00-05:00,1.96,1.96,1.96,1.96,300,0,0
2020-01-15 15:23:00-05:00,1.96,1.96,1.96,1.96,100,0,0
2020-01-15 15:25:00-05:00,1.955,1.955,1.955,1.955,200,0,0
2020-01-15 15:26:00-05:00,1.955,1.955,1.955,1.955,200,0,0
2020-01-15 15:30:00-05:00,1.955,1.955,1.955,1.955,1200,0,0
2020-01-15 15:31:00-05:00,1.955,1.955,1.955,1.955,200,0,0
2020-01-15 15:32:00-05:00,1.955,1.955,1.955,1.955,100,0,0
2020-01-15 15:33:00-05:00,1.955,1.955,1.955,1.955,100,0,0
2020-01-15 15:34:00-05:00,1.955,1.955,1.955,1.955,100,0,0
2020-01-15 15:35:00-05:00,1.955,1.955,1.955,1.955,100,0,0
2020-01-15 15:36:00-05:00,1.955,1.955,1.955,1.955,200,0,0
2020-01-15 15:37:00-05:00,1.955,1.955,1.955,1.955,1000,0,0
2020-01-15 15:38:00-05:00,1.955,1.955,1.955,1.955,300,0,0
2020-01-15 15:39:00-05:00,1.955,1.955,1.95,1.95,300,0,0
2020-01-15 15:40:00-05:00,1.95,1.95,1.95,1.95,1051,0,0
2020-01-15 15:41:00-05:00,1.95,1.95,1.95,1.95,6050,0,0
2020-01-15 15:42:00-05:00,1.945,1.945,1.945,1.945,1200,0,0
2020-01-15 15:43:00-05:00,1.94,1.94,1.93,1.94,6420,0,0
2020-01-15 15:44:00-05:00,1.93,1.93,1.93,1.93,5736,0,0
2020-01-15 15:45:00-05:00,1.93,1.93,1.93,1.93,4000,0,0
2020-01-15 15:47:00-05:00,1.93,1.93,1.93,1.93,5000,0,0
2020-01-15 15:48:00-05:00,1.93,1.93,1.93,1.93,100,0,0
2020-01-15 15:49:00-05:00,1.92,1.93,1.92,1.93,3200,0,0
2020-01-15 15:50:00-05:00,1.93,1.93,1.93,1.93,300,0,0
2020-01-15 15:52:00-05:00,1.925,1.925,1.925,1.925,2500,0,0
2020-01-15 15:53:00-05:00,1.925,1.925,1.925,1.925,200,0,0
2020-01-15 15:54:00-05:00,1.92,1.92,1.92,1.92,100,0,0
2020-01-15 15:55:00-05:00,1.92,1.92,1.92,1.92,600,0,0
2020-01-15 15:56:00-05:00,1.92,1.925,1.92,1.925,600,0,0
2020-01-15 15:57:00-05:00,1.92,1.925,1.92,1.92,1100,0,0
2020-01-15 15:58:00-05:00,1.92,1.925,1.92,1.925,500,0,0
2020-01-15 15:59:00-05:00,1.92,1.93,1.92,1.93,5630,0,0
2020-01-15 11:05:00-05:00,1.97,1.97,1.97,1.97,0,0,0
2020-01-15 11:07:00-05:00,1.97,1.97,1.97,1.97,100,0,0
2020-01-15 11:09:00-05:00,1.97,1.97,1.97,1.97,100,0,0
2020-01-15 11:17:00-05:00,1.97,1.97,1.97,1.97,500,0,0
2020-01-15 11:18:00-05:00,1.96,1.96,1.96,1.96,100,0,0
2020-01-15 11:19:00-05:00,1.97,1.97,1.97,1.97,100,0,0
2020-01-15 11:23:00-05:00,1.97,1.97,1.97,1.97,300,0,0
2020-01-15 11:24:00-05:00,1.97,1.97,1.97,1.97,100,0,0
2020-01-15 11:25:00-05:00,1.97,1.97,1.97,1.97,100,0,0
2020-01-15 11:26:00-05:00,1.96,1.96,1.96,1.96,100,0,0
2020-01-15 11:27:00-05:00,1.97,1.975,1.97,1.975,3600,0,0
2020-01-15 11:28:00-05:00,1.97,1.97,1.97,1.97,1400,0,0
2020-01-15 11:29:00-05:00,1.97,1.97,1.97,1.97,200,0,0
2020-01-15 11:30:00-05:00,1.97,1.97,1.97,1.97,100,0,0
2020-01-15 11:32:00-05:00,1.97,1.97,1.97,1.97,100,0,0
2020-01-15 11:34:00-05:00,1.97,1.97,1.97,1.97,100,0,0
2020-01-15 11:35:00-05:00,1.97,1.97,1.97,1.97,100,0,0
2020-01-15 11:49:00-05:00,1.97,1.97,1.97,1.97,100,0,0
2020-01-15 11:50:00-05:00,1.97,1.97,1.97,1.97,200,0,0
2020-01-15 11:51:00-05:00,1.97,1.97,1.97,1.97,100,0,0
2020-01-15 11:52:00-05:00,1.97,1.97,1.97,1.97,3000,0,0
2020-01-15 11:56:00-05:00,1.98,1.98,1.98,1.98,100,0,0
2020-01-15 11:57:00-05:00,1.98,1.98,1.98,1.98,300,0,0
2020-01-15 11:58:00-05:00,1.98,1.98,1.98,1.98,100,0,0
2020-01-15 12:02:00-05:00,1.98,1.98,1.97,1.97,12900,0,0
2020-01-15 12:03:00-05:00,1.96,1.96,1.96,1.96,6900,0,0
2020-01-15 12:07:00-05:00,1.96,1.96,1.96,1.96,100,0,0
2020-01-15 12:08:00-05:00,1.96,1.96,1.96,1.96,200,0,0
2020-01-15 12:12:00-05:00,1.96,1.965,1.96,1.965,6200,0,0
2020-01-15 12:16:00-05:00,1.96,1.96,1.96,1.96,100,0,0
2020-01-15 12:22:00-05:00,1.96,1.96,1.96,1.96,2400,0,0
2020-01-15 12:33:00-05:00,1.965,1.965,1.965,1.965,100,0,0
2020-01-15 12:34:00-05:00,1.965,1.965,1.965,1.965,100,0,0
2020-01-15 12:35:00-05:00,1.97,1.97,1.97,1.97,400,0,0
2020-01-15 12:43:00-05:00,1.96,1.96,1.96,1.96,100,0,0
2020-01-15 12:44:00-05:00,1.97,1.97,1.97,1.97,100,0,0
2020-01-15 12:46:00-05:00,1.97,1.97,1.97,1.97,100,0,0
2020-01-15 12:47:00-05:00,1.97,1.97,1.97,1.97,400,0,0
2020-01-15 12:49:00-05:00,1.965,1.965,1.96,1.96,6500,0,0
2020-01-15 12:52:00-05:00,1.96,1.96,1.96,1.96,100,0,0
2020-01-15 12:53:00-05:00,1.96,1.96,1.96,1.96,100,0,0
2020-01-15 12:54:00-05:00,1.96,1.96,1.96,1.96,100,0,0
2020-01-15 12:56:00-05:00,1.96,1.96,1.96,1.96,5900,0,0
2020-01-15 12:58:00-05:00,1.96,1.96,1.96,1.96,100,0,0
2020-01-15 13:01:00-05:00,1.96,1.96,1.96,1.96,100,0,0
2020-01-15 13:02:00-05:00,1.96,1.96,1.96,1.96,1600,0,0
2020-01-15 13:04:00-05:00,1.96,1.96,1.96,1.96,800,0,0
2020-01-15 13:11:00-05:00,1.95,1.95,1.95,1.95,10000,0,0
2020-01-15 13:14:00-05:00,1.95,1.95,1.95,1.95,100,0,0
2020-01-15 13:15:00-05:00,1.96,1.96,1.96,1.96,100,0,0
2020-01-15 13:17:00-05:00,1.96,1.96,1.96,1.96,100,0,0
2020-01-15 13:19:00-05:00,1.96,1.97,1.96,1.96,4600,0,0
2020-01-15 13:20:00-05:00,1.95,1.96,1.95,1.96,200,0,0
2020-01-15 13:30:00-05:00,1.95,1.95,1.95,1.95,5000,0,0
2020-01-15 13:33:00-05:00,1.96,1.96,1.96,1.96,100,0,0
2020-01-15 13:35:00-05:00,1.96,1.96,1.96,1.96,100,0,0
2020-01-15 13:37:00-05:00,1.96,1.96,1.96,1.96,300,0,0
2020-01-15 13:44:00-05:00,1.96,1.96,1.96,1.96,100,0,0
2020-01-15 13:46:00-05:00,1.96,1.96,1.96,1.96,100,0,0
2020-01-15 13:48:00-05:00,1.96,1.96,1.96,1.96,100,0,0
2020-01-15 13:49:00-05:00,1.96,1.96,1.96,1.96,1700,0,0
2020-01-15 13:50:00-05:00,1.96,1.96,1.96,1.96,5600,0,0
2020-01-15 13:51:00-05:00,1.96,1.96,1.96,1.96,100,0,0
2020-01-15 13:52:00-05:00,1.95,1.95,1.95,1.95,3400,0,0
2020-01-15 14:03:00-05:00,1.96,1.96,1.96,1.96,100,0,0
2020-01-15 14:04:00-05:00,1.96,1.96,1.96,1.96,100,0,0
2020-01-15 14:05:00-05:00,1.96,1.96,1.96,1.96,100,0,0
2020-01-15 14:07:00-05:00,1.96,1.96,1.96,1.96,100,0,0
2020-01-15 14:09:00-05:00,1.96,1.96,1.96,1.96,100,0,0
2020-01-15 14:10:00-05:00,1.95,1.95,1.93,1.93,30205,0,0
2020-01-15 14:11:00-05:00,1.94,1.94,1.94,1.94,100,0,0
2020-01-15 14:12:00-05:00,1.94,1.94,1.94,1.94,1500,0,0
2020-01-15 14:15:00-05:00,1.94,1.94,1.94,1.94,3300,0,0
2020-01-15 14:16:00-05:00,1.95,1.95,1.95,1.95,200,0,0
2020-01-15 14:23:00-05:00,1.95,1.95,1.95,1.95,100,0,0
2020-01-15 14:26:00-05:00,1.95,1.95,1.95,1.95,100,0,0
2020-01-15 14:28:00-05:00,1.95,1.95,1.95,1.95,100,0,0
2020-01-15 14:30:00-05:00,1.95,1.95,1.95,1.95,1200,0,0
2020-01-15 14:31:00-05:00,1.95,1.96,1.95,1.96,600,0,0
2020-01-15 14:34:00-05:00,1.96,1.96,1.96,1.96,200,0,0
2020-01-15 14:35:00-05:00,1.95,1.95,1.95,1.95,2600,0,0
2020-01-15 14:37:00-05:00,1.94,1.94,1.94,1.94,4600,0,0
2020-01-15 14:38:00-05:00,1.95,1.95,1.94,1.94,300,0,0
2020-01-15 14:42:00-05:00,1.94,1.94,1.935,1.935,6200,0,0
2020-01-15 14:43:00-05:00,1.935,1.94,1.935,1.935,6500,0,0
2020-01-15 14:44:00-05:00,1.935,1.935,1.935,1.935,100,0,0
2020-01-15 14:46:00-05:00,1.94,1.94,1.94,1.94,100,0,0
2020-01-15 14:47:00-05:00,1.94,1.94,1.94,1.94,2000,0,0
2020-01-15 14:49:00-05:00,1.94,1.94,1.94,1.94,2300,0,0
2020-01-15 14:50:00-05:00,1.94,1.94,1.94,1.94,800,0,0
2020-01-15 14:55:00-05:00,1.95,1.95,1.95,1.95,500,0,0
2020-01-15 14:58:00-05:00,1.95,1.95,1.95,1.95,200,0,0
2020-01-15 15:00:00-05:00,1.94,1.94,1.94,1.94,900,0,0
2020-01-15 15:02:00-05:00,1.95,1.95,1.95,1.95,11000,0,0
2020-01-15 15:04:00-05:00,1.95,1.95,1.95,1.95,2100,0,0
2020-01-15 15:05:00-05:00,1.95,1.96,1.95,1.96,3900,0,0
2020-01-15 15:07:00-05:00,1.955,1.955,1.955,1.955,100,0,0
2020-01-15 15:09:00-05:00,1.96,1.96,1.96,1.96,100,0,0
2020-01-15 15:10:00-05:00,1.95,1.95,1.95,1.95,200,0,0
2020-01-15 15:11:00-05:00,1.955,1.955,1.955,1.955,100,0,0
2020-01-15 15:12:00-05:00,1.95,1.95,1.95,1.95,200,0,0
2020-01-15 15:14:00-05:00,1.96,1.96,1.96,1.96,100,0,0
2020-01-15 15:16:00-05:00,1.96,1.96,1.96,1.96,100,0,0
2020-01-15 15:17:00-05:00,1.96,1.96,1.96,1.96,1000,0,0
2020-01-15 15:18:00-05:00,1.96,1.96,1.96,1.96,100,0,0
2020-01-15 15:20:00-05:00,1.96,1.96,1.96,1.96,10200,0,0
2020-01-15 15:21:00-05:00,1.96,1.96,1.96,1.96,100,0,0
2020-01-15 15:22:00-05:00,1.96,1.96,1.96,1.96,300,0,0
2020-01-15 15:23:00-05:00,1.96,1.96,1.96,1.96,100,0,0
2020-01-15 15:25:00-05:00,1.955,1.955,1.955,1.955,200,0,0
2020-01-15 15:26:00-05:00,1.955,1.955,1.955,1.955,200,0,0
2020-01-15 15:27:00-05:00,1.955,1.955,1.955,1.955,200,0,0
2020-01-15 15:30:00-05:00,1.955,1.955,1.955,1.955,1000,0,0
2020-01-15 15:31:00-05:00,1.955,1.955,1.955,1.955,200,0,0
2020-01-15 15:32:00-05:00,1.955,1.955,1.955,1.955,100,0,0
2020-01-15 15:33:00-05:00,1.955,1.955,1.955,1.955,100,0,0
2020-01-15 15:34:00-05:00,1.955,1.955,1.955,1.955,100,0,0
2020-01-15 15:35:00-05:00,1.955,1.955,1.955,1.955,100,0,0
2020-01-15 15:36:00-05:00,1.955,1.955,1.955,1.955,200,0,0
2020-01-15 15:37:00-05:00,1.955,1.955,1.955,1.955,1000,0,0
2020-01-15 15:38:00-05:00,1.955,1.955,1.955,1.955,300,0,0
2020-01-15 15:39:00-05:00,1.955,1.955,1.95,1.95,300,0,0
2020-01-15 15:40:00-05:00,1.95,1.95,1.95,1.95,1051,0,0
2020-01-15 15:41:00-05:00,1.95,1.95,1.95,1.95,6050,0,0
2020-01-15 15:42:00-05:00,1.945,1.945,1.945,1.945,1200,0,0
2020-01-15 15:43:00-05:00,1.94,1.94,1.93,1.94,6420,0,0
2020-01-15 15:44:00-05:00,1.93,1.93,1.93,1.93,5736,0,0
2020-01-15 15:45:00-05:00,1.93,1.93,1.93,1.93,4000,0,0
2020-01-15 15:47:00-05:00,1.93,1.93,1.93,1.93,5000,0,0
2020-01-15 15:48:00-05:00,1.93,1.93,1.93,1.93,100,0,0
2020-01-15 15:49:00-05:00,1.92,1.93,1.92,1.93,3200,0,0
2020-01-15 15:50:00-05:00,1.93,1.93,1.93,1.93,300,0,0
2020-01-15 15:52:00-05:00,1.925,1.925,1.925,1.925,2500,0,0
2020-01-15 15:53:00-05:00,1.925,1.925,1.925,1.925,200,0,0
2020-01-15 15:54:00-05:00,1.92,1.92,1.92,1.92,100,0,0
2020-01-15 15:55:00-05:00,1.92,1.925,1.92,1.92,600,0,0
2020-01-15 15:56:00-05:00,1.92,1.925,1.92,1.925,600,0,0
2020-01-15 15:57:00-05:00,1.92,1.925,1.92,1.92,1100,0,0
2020-01-15 15:58:00-05:00,1.92,1.925,1.92,1.925,500,0,0
2020-01-15 15:59:00-05:00,1.92,1.93,1.92,1.93,5630,0,0
2020-01-16 09:30:00-05:00,1.91,1.92,1.91,1.92,0,0,0
2020-01-16 09:34:00-05:00,1.92,1.93,1.92,1.925,12758,0,0
2020-01-16 09:38:00-05:00,1.92,1.92,1.915,1.915,6900,0,0
2020-01-16 09:39:00-05:00,1.92,1.92,1.92,1.92,100,0,0
2020-01-16 09:40:00-05:00,1.92,1.92,1.92,1.92,200,0,0
2020-01-16 09:43:00-05:00,1.91,1.91,1.91,1.91,73115,0,0
2020-01-16 11:02:00-05:00,1.92,1.92,1.92,1.92,0,0,0
2020-01-16 11:03:00-05:00,1.92,1.92,1.92,1.92,400,0,0
2020-01-16 11:04:00-05:00,1.92,1.92,1.92,1.92,1100,0,0
2020-01-16 11:06:00-05:00,1.92,1.92,1.92,1.92,300,0,0
